-1.506900 0.789900 -0.190800
-1.600500 1.170700 -0.632600
-0.462200 0.695300 -0.696500
-0.270400 0.737300 -0.721300
-0.074000 0.281600 -0.311400
-0.331800 0.719100 -0.696200
0.656700 -0.318500 -0.007100
-0.181300 -0.232200 0.317700
-0.122100 -0.248700 0.378300
-0.635100 0.745800 -0.604800
-2.198000 0.817400 0.094100
0.057000 0.564300 -0.624600
-0.767500 -0.093100 0.483000
-0.602800 0.396900 -0.192200
-0.854000 0.143000 0.232700
-1.846900 1.222800 -0.597000
-0.757400 1.089600 -0.966300
0.112400 -1.037500 1.176900
1.644200 -1.318200 0.873400
0.361200 -1.556100 1.705100
-1.180400 -0.352600 1.037300
-0.463200 0.261500 -0.041800
-0.215200 0.504900 -0.516800
-0.478500 0.740100 -0.675300
1.972900 -1.516000 0.779900
-0.849200 0.153200 0.230000
-1.143400 0.491200 -0.054300
0.295500 -0.810800 0.869700
-1.422200 2.136900 -1.830200
-0.114600 1.082900 -1.281000
0.645300 -0.751500 0.598600
0.412000 -0.214300 0.021800
-0.829600 0.543900 -0.278400
1.034000 0.727900 -1.386700
0.437800 -0.954900 0.960400
0.129700 -0.557800 0.605900
0.696300 -0.638400 0.438100
-0.756700 0.934800 -0.776600
0.745700 -0.261800 -0.082500
-0.069400 0.562300 -0.624600
1.531200 -1.505100 1.058300
-1.438400 -0.230200 0.994900
0.201000 -0.869500 0.943000
-0.166100 0.632800 -0.653300
1.139300 -0.273200 -0.210200
-0.882600 1.644100 -1.521500
-0.273600 -0.236500 0.449800
-1.559500 0.049300 0.705400
-2.127700 1.593900 -0.879000
-0.357200 0.031300 0.207900
0.806500 -1.625000 1.603500
-0.465500 0.767300 -0.720800
-0.313000 -0.073400 0.292000
-1.392200 1.239100 -0.815800
0.088100 -0.318300 0.340400
-0.139100 -0.239900 0.389000
-0.237900 0.407900 -0.386300
0.595100 -0.209100 -0.077700
0.159400 -0.428800 0.494000
-0.348000 0.114300 0.002500
0.494300 0.155700 -0.461600
1.588000 -0.904100 0.253900
-0.899200 0.816900 -0.530300
0.201800 -0.938500 1.048000
-0.861800 0.960600 -0.721300
-1.240900 1.665100 -1.420200
1.286900 -0.241000 -0.409200
-0.939000 0.593900 -0.250900
0.683400 0.367100 -0.844700
-0.698600 0.551700 -0.263500
0.657800 -0.403800 0.177900
-0.173100 -1.091700 1.431800
0.075600 -0.468400 0.526300
-0.313100 -0.195000 0.373800
0.012700 -0.750200 0.909500
-0.089600 -0.497800 0.664300
-0.349500 0.737900 -0.643100
-0.978400 0.056300 0.402000
0.581400 0.220400 -0.604800
-0.393300 0.385800 -0.272700
0.093400 -0.357500 0.340600
-0.936500 1.539300 -1.439200
-1.111500 0.249200 0.249500
0.452700 -0.500600 0.394900
-1.086200 0.800900 -0.463600
-0.071800 0.271800 -0.326800
0.482700 0.305300 -0.601500
-0.024700 0.784700 -0.935100
-1.464100 0.879600 -0.309900
0.406800 -0.866000 0.847500
-1.131200 0.396100 0.128200
0.174000 -0.248200 0.201300
-0.624800 0.373400 -0.151700
-0.821500 0.280700 0.033200
1.231900 -0.722500 0.280600
0.467600 -0.286600 0.127500
-0.798300 0.466000 -0.117300
-0.080400 -0.890600 1.127500
0.912700 -0.662000 0.319200
0.047000 0.213300 -0.287000
0.547300 0.936000 -1.431400
1.303100 -0.044100 -0.592700
0.264100 -0.010300 -0.079800
1.781400 -0.779800 0.072400
-0.293200 -0.195200 0.306800
0.702400 -0.220000 -0.098900
1.420600 -1.209900 0.710500
-0.967300 0.145800 0.313300
0.447200 -0.651600 0.556400
0.202200 0.221700 -0.401900
-1.168800 0.610800 -0.134500
-0.650900 0.640600 -0.496800
0.750900 -1.079100 0.919500
-0.756600 0.100900 0.202800
0.618100 -0.330000 0.054700
0.144500 0.208500 -0.274700
-1.355100 1.889500 -1.566600
-1.449200 0.791300 -0.242900
0.346600 -0.247500 0.127500
-0.670000 0.014700 0.303600
0.887700 -0.106300 -0.310000
-1.248200 0.201900 0.384700
-0.241700 -0.722700 0.969600
-0.563000 -0.374600 0.719800
-0.519900 0.312300 -0.136100
0.301100 -0.221500 0.126500
-0.117900 -0.937100 1.154000
-0.688700 0.034200 0.241700
0.416500 -1.733300 1.893600
-0.095500 -0.158300 0.290900
0.294800 -0.548100 0.476400
-0.623200 0.035500 0.266000
0.300900 0.286200 -0.475200
0.195500 -0.720800 0.757600
-2.640700 2.086400 -1.202700
0.295600 0.539900 -0.742900
1.414600 -1.488100 1.022000
-0.456300 0.624600 -0.459800
1.680200 -1.518000 0.955700
0.402900 -0.511700 0.432600
0.026000 0.590900 -0.724400
0.713100 -0.092800 -0.151500
0.350700 -0.406900 0.363200
0.291400 -0.422100 0.380400
0.897500 -0.418700 0.024900
-0.364500 -0.406400 0.665400
-0.562400 0.543300 -0.356200
0.127400 -0.617300 0.670300
-0.700100 0.812700 -0.654200
-1.107000 0.767700 -0.436500
0.156000 0.924600 -1.308400
-0.272500 -0.707600 0.988600
0.543100 -0.563500 0.394100
-1.144100 1.054500 -0.708100
0.347600 -1.236900 1.349600
1.054900 -0.534100 0.052200
0.204300 -0.525800 0.477400
-1.428100 1.826600 -1.583300
-1.646600 1.553800 -1.049500
0.897200 0.413000 -0.901600
0.052400 1.256100 -1.483500
-0.627300 1.249000 -1.214200
0.115900 0.220600 -0.347000
-0.027800 0.314900 -0.392000
-0.855500 -0.172800 0.593600
0.123600 0.148900 -0.243400
0.969400 -0.100500 -0.340600
-0.137400 0.700300 -0.787800
-0.635300 0.075000 0.130700
0.533300 0.721600 -1.094400
-0.289200 0.089900 0.014500
1.090000 0.633500 -1.352900
-0.186200 0.826200 -0.998400
-0.370600 0.248000 -0.074800
-0.196700 0.680400 -0.715300
0.818100 -0.739400 0.481700
-0.210600 0.649700 -0.663100
-0.360200 0.287000 -0.179600
-0.024100 -0.246100 0.367100
0.156700 -0.220200 0.142800
0.698200 -0.391900 0.153200
1.689500 -0.914000 0.272700
-1.083000 1.059600 -0.773300
-0.657000 0.140800 0.140800
0.433800 -0.111600 -0.139800
0.851300 0.031800 -0.437600
0.213300 -0.571300 0.499100
-0.112700 -0.033000 0.127200
0.450800 -0.506300 0.429400
-1.592100 0.578200 0.052600
-1.100000 0.558000 -0.115900
-0.172700 -0.397000 0.599100
-0.504700 0.421900 -0.242700
1.601300 -0.930300 0.349800
1.054700 0.105500 -0.598000
-0.085400 0.843500 -0.959800
-1.456000 2.081600 -1.783300
0.388200 -0.382200 0.270000
-1.582000 0.911300 -0.310200
0.669200 0.164000 -0.529000
-0.472100 1.347000 -1.410800
0.173400 0.687500 -0.937600
0.397700 0.404200 -0.739600
1.032200 -0.759700 0.444900
0.700700 0.257100 -0.600500
1.384600 0.103800 -0.761800
0.722300 -0.603700 0.351700
0.558900 -0.665300 0.613600
-1.003800 0.682900 -0.215400
-0.920200 0.241000 0.178400
-0.584200 0.177600 0.058000
1.144900 -0.323900 -0.152700
-0.051000 -0.017700 0.023400
-0.528100 0.767500 -0.656500
0.129000 0.034500 -0.107200
0.773300 -1.087300 0.955700
0.299400 0.812000 -1.130500
0.828700 -0.247300 -0.151200
0.522000 -0.548300 0.453200
-0.857200 0.638200 -0.340600
1.575300 -0.547000 -0.035900
-0.573300 -0.968500 1.476600
0.258300 0.372400 -0.552600
0.833200 -0.468000 0.175100
-0.134700 0.083900 -0.060400
-0.805400 0.564600 -0.228400
-0.446900 0.226200 -0.029900
2.128500 -1.120200 0.272700
0.618500 0.462600 -0.902100
-0.142800 0.941300 -1.069000
-0.016500 0.913500 -1.065800
0.249500 -0.612500 0.614700
0.257300 -0.108800 -0.029000
0.522600 -0.774900 0.627300
-0.799900 0.111400 0.279100
-0.043100 0.793800 -0.959100
-0.580900 -0.189400 0.485000
-0.920900 0.824000 -0.506400
-0.284400 -0.452500 0.731100
-0.754200 0.882400 -0.696400
0.240600 -0.075800 0.019800
1.621400 -1.070500 0.472700
-0.429500 -0.392300 0.692800
0.377800 -0.400000 0.303800
1.021600 -0.872800 0.642400
1.545900 -1.876900 1.491100
-1.055900 0.060900 0.448800
-0.793800 0.338700 0.021900
-1.188800 1.325800 -1.005400
0.821400 -0.640700 0.377200
0.969300 -0.708100 0.443600
0.293800 -0.681700 0.654900
0.358500 0.373400 -0.625900
-0.324100 0.089900 0.036300
0.645300 -1.117100 1.011000
0.030300 -1.298500 1.570700
-1.343300 1.090500 -0.677400
0.290400 -0.079100 -0.055500
1.585300 -1.014700 0.431000
0.633100 -1.553500 1.576400
0.170800 -0.170600 0.159500
0.303700 0.960200 -1.327200
0.829900 -0.054500 -0.329100
0.188900 -1.217400 1.341200
0.310500 -0.826600 0.832700
0.329900 -0.559500 0.541100
-0.378000 -1.038600 1.486800
0.722500 -0.423900 0.196100
-0.152800 -0.274500 0.445800
-0.454300 1.291100 -1.333400
0.496400 -0.616700 0.497300
0.044100 0.417000 -0.511500
-0.106100 0.158700 -0.155500
-0.732300 0.059500 0.296100
1.093000 0.512800 -1.135200
-0.639200 0.056800 0.278900
-0.950000 0.381600 -0.030500
-2.304900 1.867300 -1.098500
-1.314900 0.294200 0.292500
-0.115900 -1.225900 1.544600
-1.727600 1.638700 -1.155300
0.847000 -0.478500 0.182700
1.490300 -1.884200 1.525800
-0.141800 -0.381500 0.569300
-0.194600 0.018600 0.138500
0.174400 0.283300 -0.536500
0.270300 -0.471100 0.405100
1.161000 -1.308400 1.016900
-0.668400 0.856200 -0.669900
0.634000 -1.169500 1.052500
-0.599300 -0.153200 0.420600
0.240600 -0.484600 0.483300
-1.259100 0.231000 0.337000
-0.102900 -0.512100 0.707400
0.343900 -0.388400 0.279200
-0.662000 -0.520400 0.919200
0.086600 0.296300 -0.361900
0.699600 -0.235300 -0.045900
1.431600 -0.952700 0.420200
-0.330200 0.930800 -1.024500
-2.579400 1.830400 -0.906800
0.096200 0.720600 -0.870800
0.619500 0.250400 -0.614100
-0.942500 0.923800 -0.589700
0.541100 -1.028700 0.995200
-1.833600 0.839700 -0.086100
1.336300 -0.591700 0.023700
0.378100 -0.949300 0.969900
-0.910700 0.421900 -0.076000
0.708100 -0.413600 0.183200
0.472300 0.427700 -0.828600
0.191900 -0.797300 0.887600
-0.281200 0.317300 -0.338600
-0.735900 -0.589000 1.053000
1.016400 0.057500 -0.571400
-0.603400 0.221800 -0.010700
0.649900 -0.702500 0.489900
-1.028700 0.514300 -0.109000
1.201600 -0.395500 -0.144600
-1.010600 0.785700 -0.418400
-0.889200 0.989400 -0.801300
-2.951900 2.175500 -1.226800
0.578700 -0.496800 0.278400
-0.722200 0.380200 -0.142500
-0.692900 0.658200 -0.468300
0.049800 -0.725200 0.835900
0.073900 -0.133100 0.099700
0.897500 -0.325500 -0.075700
0.191000 0.199400 -0.422900
0.230900 -0.257900 0.172600
-0.702300 0.754200 -0.619100
0.056200 -0.770400 0.967300
-0.659600 -0.567400 0.976300
-0.741300 0.832300 -0.610800
-0.255800 0.090000 0.079000
-0.317500 1.004200 -1.022400
0.382900 -0.800900 0.748500
-2.150700 1.197500 -0.434400
-0.326500 0.432600 -0.363300
1.574300 -1.383400 0.938800
0.232100 0.505100 -0.668200
0.147700 -0.473100 0.509200
-0.654700 -0.420600 0.818300
0.473900 -0.427100 0.236500
0.533900 -0.304900 0.155100
-0.326000 0.960700 -1.021900
1.239100 0.029900 -0.673700
1.284000 -0.715300 0.258400
-0.238000 -0.674100 0.981600
-0.538300 0.875800 -0.799800
-1.610900 0.402700 0.312700
-0.349100 0.331300 -0.274600
0.480200 -0.939800 0.963500
-0.018300 -0.767500 0.997500
-0.947800 0.890000 -0.540900
-1.088200 1.017300 -0.707800
0.697100 -0.827200 0.658000
-0.278100 0.350900 -0.331900
-0.462100 -0.069700 0.352400
1.043700 -1.498200 1.276800
0.704800 -0.786900 0.561600
0.558400 0.276900 -0.601300
-0.073500 -0.400600 0.575100
-0.619100 0.441200 -0.201100
-1.335100 0.363100 0.263100
-0.135600 0.184800 -0.160800
-0.186700 0.630700 -0.691500
0.480200 0.502800 -0.853000
-0.324700 0.188700 -0.092300
0.120800 -0.595500 0.684500
-0.657100 0.357400 -0.043200
0.623300 -0.645200 0.480900
0.424900 -0.230800 0.059100
-0.090300 -0.608100 0.717900
0.616300 0.398800 -0.790300
-1.127100 1.367100 -1.090700
0.826200 -0.364100 -0.002200
0.019600 -0.009600 -0.020700
-0.500400 1.013500 -0.977600
1.338400 -0.897000 0.338800
-0.123900 -1.196600 1.447200
-0.311200 -0.385600 0.564600
0.569400 -0.702500 0.583700
-0.068300 -0.247200 0.351000
0.830700 0.089400 -0.513100
0.307100 -0.023100 -0.139800
0.170300 0.084600 -0.186600
0.047500 0.144700 -0.223000
1.523900 -0.288600 -0.392700
0.832400 -0.686500 0.462000
0.421900 -1.004300 1.045700
0.673100 -1.532300 1.528800
1.296600 -0.912300 0.474000
0.609300 0.497900 -0.921900
-0.753200 -0.402000 0.890100
-1.305300 0.934900 -0.494700
-0.613900 0.166700 0.163800
0.518900 -0.927300 0.923900
0.551900 -0.996100 0.941000
-0.680000 0.919800 -0.766300
0.648100 -0.805800 0.681400
-0.839500 0.725500 -0.516300
-1.263000 0.657000 -0.158500
-0.310100 -0.086700 0.310500
-0.742700 1.799800 -1.731100
-0.997000 0.725400 -0.330400
-0.054200 -0.304100 0.424800
-0.491700 -0.439200 0.853200
0.508400 0.434200 -0.831900
-0.247100 -1.119000 1.510300
-0.396000 -0.292200 0.580900
0.896800 -0.997700 0.725000
-1.359200 0.688000 -0.113100
-0.208200 -0.759400 0.962800
0.858700 -1.578400 1.482300
-0.911700 -0.272300 0.722500
-0.453300 -0.531000 0.877000
0.586100 -0.140500 -0.105100
-1.616000 1.458800 -0.954500
0.049500 -0.745300 0.887200
0.095600 -1.214200 1.373900
1.259600 -1.354800 0.986500
-0.445400 0.514000 -0.386500
-1.138100 0.889400 -0.490000
0.990400 -1.404800 1.160600
-0.516500 0.847200 -0.716100
0.417100 -0.277500 0.183100
0.689000 0.634900 -1.134800
-0.503500 0.306300 -0.154300
0.143600 -0.111000 0.062700
-0.595600 -0.153900 0.524500
-0.835900 0.056300 0.390100
-0.143000 0.014100 0.079000
-1.277300 0.302600 0.227300
-1.283800 0.505100 0.069700
-0.678300 0.544700 -0.435600
0.202900 -0.339900 0.276600
0.453900 -0.351600 0.230800
-0.300900 0.705800 -0.667400
0.128800 -0.071900 0.000600
0.741700 -0.825500 0.594800
-1.194200 1.379600 -1.098100
0.709900 -0.894800 0.682300
0.825900 -0.659100 0.403500
-0.310100 -0.365300 0.566400
-1.037700 0.238500 0.174300
0.406300 -0.481300 0.395300
-1.192100 1.722700 -1.514600
0.517700 -0.699600 0.569000
1.060700 -1.127600 0.870000
0.681500 -0.302300 0.047000
-1.096400 0.840400 -0.377500
-0.260300 0.121600 0.000700
0.544500 -0.641600 0.513000
-1.012800 1.197200 -0.972000
1.318900 0.359100 -1.105000
-0.064900 0.317600 -0.356000
0.794300 0.179400 -0.548000
-1.129700 1.192400 -0.938500
0.662100 0.745900 -1.195800
0.071300 -0.417700 0.464400
-0.349200 1.430600 -1.597800
0.441200 -0.359400 0.247000
1.275900 0.131900 -0.768100
-0.089100 0.133600 -0.159600
1.479900 -1.417200 0.958800
1.435900 -0.861400 0.226500
-0.952100 0.182700 0.262100
0.636100 0.084200 -0.408000
-0.327100 0.281300 -0.137300
-0.457200 0.645300 -0.542400
0.687700 -0.292200 0.024900
0.769600 -1.145400 0.961400
0.312500 -0.460600 0.359100
0.542000 -0.131100 -0.109900
-0.014100 -0.790000 0.929800
-0.065200 -0.310100 0.438500
-0.551900 0.165100 0.091700
-0.345500 0.137600 0.009300
0.576100 0.619200 -1.116200
0.108700 0.741400 -0.910400
0.006400 0.390700 -0.487200
-0.066800 0.220000 -0.143400
-1.182700 -0.916700 1.635200
0.103600 -0.033700 -0.055200
-1.205800 0.595100 -0.105900
0.483600 -0.462000 0.333800
-0.385300 -0.059200 0.220800
-1.417900 0.318600 0.244400
-0.007400 -0.834700 1.004000
0.631700 0.257900 -0.614400
-0.682700 -0.325000 0.702500
0.032400 -0.317200 0.370300
-1.263700 0.617900 -0.137300
-0.561300 0.493900 -0.268400
-1.343100 0.264000 0.330500
1.448200 -0.883600 0.368700
0.649100 -0.615800 0.460200
-1.343200 0.306300 0.288200
-0.210600 0.025700 0.127800
6.640300 -3.194100 7.306900
6.988700 -3.189500 7.417700
7.882400 -2.226100 6.298900
6.675900 -3.081100 5.015800
8.611400 -1.823300 7.380900
7.186500 -3.560200 5.591800
7.675400 -4.034100 6.620700
6.438400 -3.245900 5.381600
7.490600 -2.498100 5.887600
6.137700 -2.522200 4.581200
6.320300 -3.451500 5.824200
7.955100 -2.519000 5.984500
7.367800 -3.275900 5.861300
7.313500 -2.905300 5.673300
8.386800 -3.470600 7.012300
5.992800 -2.047500 5.337900
6.542800 -3.096400 6.316300
6.924300 -2.775000 5.783900
7.557500 -2.871500 5.341900
7.497500 -2.770300 6.258700
8.170100 -2.138900 4.556000
7.995400 -3.097500 4.991300
6.823800 -4.544700 6.910400
7.534400 -2.866000 5.892700
7.765400 -2.240100 5.671200
6.244900 -3.843100 5.318100
7.171900 -2.509500 6.101500
7.747100 -2.022700 6.198500
8.168000 -2.381700 7.288000
6.167300 -2.544000 6.645700
6.015900 -2.759900 5.596000
7.082900 -3.021300 6.163600
7.569800 -2.927300 6.183200
5.180500 -3.178500 6.565800
5.231200 -3.521000 5.984600
5.100300 -3.349100 7.331800
6.467800 -2.812400 4.649900
6.812700 -2.989800 6.633900
6.737600 -2.918200 6.365100
7.270000 -2.883400 4.804200
5.907000 -2.700400 6.733900
5.861400 -3.534400 4.501900
6.019000 -3.347100 6.776100
6.258100 -2.092200 6.537900
7.002500 -2.361200 5.266200
7.096700 -3.569500 4.095500
8.369000 -4.623400 5.526100
7.707500 -2.619500 5.382600
6.834300 -3.066500 5.162800
6.488900 -4.306500 4.621100
6.039600 -3.575500 6.713200
6.940300 -3.143700 6.564400
7.749700 -2.385400 6.351100
6.221200 -3.225300 6.306700
7.020500 -3.312900 6.137700
5.716100 -2.704700 6.125400
7.474500 -3.192200 6.265000
7.268200 -2.434100 5.696400
7.039700 -1.893000 5.639700
6.948900 -2.321600 6.804300
6.127000 -3.086700 6.599900
7.605800 -2.590000 5.774400
7.403500 -3.160100 6.199400
6.213200 -3.011400 6.915800
6.185100 -2.207700 5.845800
8.542700 -2.444200 5.159500
6.114900 -2.439800 5.971000
6.828200 -4.314700 5.833600
6.686900 -2.590600 6.230400
6.972400 -3.356400 6.274100
6.679500 -2.565200 5.795700
6.161300 -3.176800 6.513500
6.353600 -2.469700 6.641000
7.488100 -2.602900 6.914200
6.884200 -2.607800 6.809100
7.884800 -2.102000 7.000800
8.060700 -3.229200 6.736000
7.705000 -2.341200 6.631300
7.204300 -3.402200 5.299600
7.230500 -2.426100 6.553200
6.835800 -2.505700 6.727500
6.120000 -3.238900 5.741200
6.927000 -2.419800 5.797300
6.425100 -2.520100 6.507600
8.379700 -2.985600 5.484700
6.471900 -2.787600 5.144100
7.509200 -2.549000 5.917600
7.093100 -2.680600 5.813900
5.386200 -3.198300 6.209000
7.208500 -3.434700 4.994400
6.898500 -3.552900 5.126300
7.112400 -3.517100 5.129000
7.561000 -2.647000 6.292000
6.584800 -3.902200 7.381100
6.409800 -3.753700 6.486300
6.692300 -3.766900 5.138700
6.647500 -3.827700 5.381200
6.983000 -1.333300 5.782100
7.136000 -4.516700 5.384400
7.705600 -2.782700 7.482300
6.484600 -2.570200 6.328300
7.586400 -4.439700 7.308400
7.799000 -3.006600 6.397200
6.909300 -3.854500 7.669300
5.946100 -2.594600 6.057800
6.141000 -3.773300 5.955600
8.325800 -2.698800 6.511200
7.442900 -2.373200 5.598800
7.447100 -3.601400 5.452000
6.780900 -4.508700 5.494100
6.133900 -2.883700 5.983500
7.747500 -3.204000 5.858300
6.911000 -4.101100 6.011400
7.292700 -4.040000 5.787900
7.826700 -2.564200 4.849300
7.166300 -4.012600 5.581000
6.885100 -3.023800 6.358000
8.448700 -2.599200 5.854300
6.823800 -2.735000 6.023800
7.141900 -3.745400 5.508800
7.319800 -2.637600 6.901500
6.571300 -5.041000 4.833600
6.967500 -2.998300 5.296200
6.828500 -3.072000 6.773300
6.068600 -4.169700 6.629500
7.149700 -1.422700 5.993500
6.736400 -3.505400 5.311200
7.816900 -2.848000 5.754700
8.280600 -4.083700 5.863200
6.982200 -2.333600 7.013600
7.246800 -3.360700 5.489800
6.187000 -3.386000 5.613100
6.875800 -2.755600 7.046900
6.470600 -3.772000 5.452500
7.429200 -3.753600 5.677500
8.172000 -3.469700 6.739600
6.125300 -2.692500 5.186400
8.244100 -3.263000 6.423800
7.129100 -3.164200 5.468400
7.751500 -3.992000 7.179300
6.372400 -2.814100 5.363000
7.696900 -3.015500 6.939100
7.861500 -2.421700 6.031800
8.392800 -3.187000 6.460000
7.705000 -2.928400 5.024500
7.229800 -3.848200 7.534900
7.557900 -2.999800 5.634800
6.774700 -2.968200 5.859000
6.186800 -3.549300 4.575000
6.877600 -4.129000 5.145600
7.311800 -3.276200 5.718700
6.925300 -2.504700 6.464200
7.203200 -3.417100 7.171000
5.604300 -2.592100 6.822900
6.613500 -3.982900 6.126900
8.001600 -2.921500 6.421600
6.892700 -1.972900 5.405200
6.927200 -3.707500 5.213000
6.532200 -3.432300 7.055600
7.404100 -3.190400 5.118900
8.172100 -2.709400 6.170900
7.722500 -2.957500 5.704900
7.583300 -3.151600 5.158100
6.601000 -2.132600 5.793700
6.742200 -3.945500 5.306700
6.532900 -3.307600 5.647000
7.269500 -3.607500 5.803100
5.698600 -2.417000 6.695800
7.205100 -3.058000 6.542700
7.999300 -3.371700 6.648200
6.877500 -3.211200 5.112500
7.868800 -2.624200 5.245400
8.008800 -3.224500 7.265000
6.426800 -2.411800 5.659400
7.168600 -1.791500 6.319200
7.555400 -3.220900 5.005600
6.433000 -3.013500 7.080800
7.485400 -4.110800 4.661300
6.147800 -3.630600 5.833600
6.960300 -4.322400 5.973300
7.153000 -3.347400 6.447500
7.182500 -3.128600 5.692100
5.868900 -2.861100 4.805400
7.673200 -2.729000 6.154500
6.489200 -3.179800 6.719800
7.320300 -3.249300 6.651300
6.609100 -3.094100 5.009700
6.818300 -3.344300 5.924400
7.720400 -3.478900 6.004600
6.549300 -3.196500 7.140600
7.344700 -2.301500 6.356200
7.002800 -3.703000 5.730600
6.365500 -2.821200 5.290100
6.785000 -1.459100 7.701400
6.178100 -2.378500 5.240900
6.133400 -2.929000 6.274400
7.490400 -3.050500 5.589200
7.915700 -3.575900 7.561800
7.254100 -2.284700 6.179200
6.255500 -3.624700 5.643700
7.743300 -2.254700 5.041900
7.290200 -2.596700 5.356700
6.492800 -3.672700 5.204200
6.738000 -3.404800 5.223300
6.697200 -2.682700 5.025100
7.094700 -3.449400 5.864100
6.094800 -4.116200 4.134000
7.268300 -2.889200 6.514500
6.189800 -2.137600 5.328100
5.968400 -3.419600 5.886400
8.388200 -1.893000 6.401900
7.409300 -2.173700 6.843100
6.558500 -2.749300 5.384100
5.339700 -3.451600 6.368300
6.344100 -1.789800 7.036900
6.372400 -3.974200 6.088400
5.612900 -2.399100 7.003000
8.094800 -4.202700 7.053700
7.323500 -3.556300 6.376500
7.038200 -3.144900 6.562700
6.281600 -3.713500 6.837800
7.729800 -2.967100 6.450600
6.036700 -1.863400 4.402600
5.931000 -4.038800 6.873500
6.714200 -2.508900 5.914600
7.483800 -1.684000 5.249600
7.284200 -3.164500 6.172300
7.420900 -3.314000 6.289700
7.360100 -3.612600 5.533100
5.776900 -2.333900 5.091100
7.110700 -3.261000 5.407500
7.506300 -2.492900 6.510000
5.654800 -2.952200 6.023600
7.558400 -2.679200 5.528300
7.263300 -2.706100 5.799300
7.926000 -4.266200 6.915200
6.369300 -3.015200 5.549200
6.184800 -2.222200 6.658400
6.140300 -2.432500 6.048200
7.973500 -2.294500 5.588700
7.161000 -1.793300 7.164200
7.106400 -3.294100 5.547700
8.055600 -3.695100 5.300200
7.358900 -3.120900 5.808400
7.730100 -3.054100 5.810400
6.991700 -3.682800 5.694600
6.760100 -4.877000 5.270300
8.045400 -3.084000 5.571000
6.523200 -3.400000 6.837800
7.130900 -3.298500 7.209000
7.209300 -3.765400 7.089300
7.862700 -3.338300 6.310000
5.735000 -3.280400 5.741300
6.656700 -2.030100 6.075100
7.294300 -2.567400 5.819400
6.007900 -3.300600 6.055800
7.766800 -4.401800 5.144700
7.330500 -3.013200 5.515000
6.652100 -3.939400 6.183600
6.442500 -3.602000 6.346100
7.420100 -2.653300 5.941800
5.691200 -3.912300 4.553500
6.660900 -3.782000 6.471700
7.147700 -2.748700 5.777500
7.329400 -3.512300 6.241600
5.979600 -2.137800 5.601900
8.150800 -2.360700 5.697800
7.705200 -2.680900 5.746400
6.156200 -4.075300 5.799800
5.916900 -3.339100 6.283600
8.427800 -3.557800 6.242100
7.404400 -2.621600 6.111800
6.819700 -2.360500 5.239000
7.313900 -3.183900 5.563600
6.789100 -2.218000 6.193600
6.442300 -3.794300 5.772300
7.980500 -2.751200 5.808900
8.018100 -2.598600 7.580400
6.970000 -4.190100 5.739700
8.145700 -3.688000 5.663700
6.349300 -3.184400 4.678300
6.455800 -1.976600 5.248400
6.477100 -2.473800 6.790100
5.710200 -1.955100 6.183500
5.599900 -2.541300 5.373100
7.531800 -2.208200 5.611500
6.175700 -2.697500 6.148200
7.139300 -2.798500 4.802400
5.664600 -3.232000 6.166800
6.309200 -3.069800 7.570400
5.777900 -3.086600 6.460600
6.082200 -2.459800 5.891400
6.234800 -3.640100 5.562600
6.258000 -1.982500 5.669300
7.389300 -1.459800 6.141700
6.567900 -3.174100 6.183100
7.480500 -2.657900 6.080800
7.793100 -4.021600 4.501000
7.996600 -3.727400 4.729500
6.081100 -2.813300 5.204700
6.494500 -2.191200 5.922300
7.664700 -2.774100 5.994200
7.086600 -3.706700 6.045000
7.950700 -2.567600 4.780200
6.572300 -3.754900 5.390200
6.936600 -2.851900 5.130800
5.834100 -2.744100 5.647100
8.197200 -3.144600 6.311000
6.684100 -4.451600 5.680500
7.305800 -3.204500 5.388800
7.232700 -2.823200 6.634500
7.609200 -2.308100 5.341000
7.385900 -3.143000 5.769500
7.460600 -3.745000 5.058200
7.077600 -2.653300 6.476900
6.895600 -2.599000 6.244300
6.251400 -2.918700 6.861400
7.968800 -3.671100 5.916200
7.322600 -2.405200 5.641000
6.598500 -2.897500 6.312300
7.177700 -4.457500 5.512300
5.978500 -4.281100 5.659000
6.853200 -3.507700 6.340700
7.611300 -4.036200 6.701200
6.255300 -1.393400 5.293400
6.778100 -2.563000 7.081900
7.326200 -2.753300 5.905100
7.263400 -1.990100 6.080900
6.991900 -3.615500 5.434800
6.904200 -2.844900 7.221300
7.195100 -3.304200 6.806600
7.299800 -2.641700 5.879100
7.302600 -2.186600 5.006700
7.724900 -2.703400 5.311700
6.755300 -2.718200 7.295400
5.856400 -3.328300 5.791000
7.020700 -2.724300 6.257300
7.134500 -2.168600 6.535100
7.071100 -4.094400 5.927100
6.857700 -2.488300 5.818200
7.425000 -3.708600 6.807300
6.978800 -3.643100 5.057900
7.375000 -2.587300 6.525500
5.728500 -3.481900 6.517800
6.787000 -3.963300 6.651500
7.064800 -3.836400 5.527400
6.964400 -3.648000 5.130500
6.074700 -2.511900 5.718500
6.859600 -3.339300 5.280500
6.862700 -3.193600 5.176800
7.860200 -3.054900 5.945400
6.629200 -2.779900 5.935800
6.442300 -4.126000 5.466000
8.515800 -2.827400 6.459100
7.907900 -2.582100 5.287500
6.242700 -2.304600 5.973600
7.241100 -3.412300 5.706700
6.504400 -2.442000 5.675700
7.505900 -2.966900 5.922300
6.292300 -4.286000 5.065700
7.139600 -2.206000 6.785700
6.240400 -2.953200 7.661600
7.331800 -2.759200 5.852200
7.721000 -3.435800 6.289900
7.186500 -4.326800 4.383200
7.328200 -5.068000 6.231100
7.949100 -3.347900 5.040500
6.180300 -3.707500 6.487900
7.011600 -3.318200 6.066700
7.940000 -1.657100 5.900100
7.346400 -2.507400 4.756200
7.062300 -3.028100 6.099100
6.641100 -1.626800 5.960000
6.945100 -1.915500 6.138900
6.249700 -2.032200 6.135900
7.602400 -3.753300 7.048100
6.618300 -2.821700 5.125000
7.859500 -2.910200 5.895900
7.470200 -2.691600 4.608400
6.277600 -3.590400 6.792300
7.973500 -4.023300 6.014100
6.117200 -4.262000 5.913400
7.328200 -3.393800 6.545300
6.933800 -1.409400 6.722100
7.838200 -3.998300 6.388900
6.692000 -3.047200 6.742000
7.706900 -3.640400 5.693200
6.434700 -3.478800 5.950900
7.200900 -3.257100 6.573400
6.266800 -3.316400 6.055300
6.540700 -1.505900 5.800000
6.487000 -3.195400 6.002800
8.006100 -3.648900 5.579500
5.323800 -2.967700 6.226200
7.441300 -2.583400 5.344800
6.990800 -3.087500 5.626000
6.661500 -2.834800 5.684500
6.671700 -2.789100 5.760800
6.721100 -2.417400 5.602400
6.544800 -3.433600 6.577900
7.249800 -1.872800 5.308000
6.479100 -2.618800 5.376400
7.785600 -2.961000 5.563200
7.503400 -3.794100 4.385400
8.095300 -2.616300 5.007100
6.445000 -3.668700 6.342600
7.648500 -2.953700 7.584600
7.870500 -3.169900 7.254500
6.332500 -3.078300 6.038500
6.466600 -3.204900 6.376400
6.532800 -3.641600 7.357500
8.441900 -3.481300 5.785800
6.074000 -3.047100 5.516700
7.172400 -3.471100 7.050500
5.839700 -3.540900 6.180500
7.430600 -4.072900 4.710000
6.086000 -2.410000 5.465200
6.802600 -3.044500 5.573700
7.282600 -2.118500 5.004700
6.902700 -3.821900 6.154400
6.864400 -2.950800 7.041100
7.464500 -2.921300 6.763900
6.891900 -1.921100 6.552300
8.629900 -2.423100 6.081400
7.754900 -3.197400 5.831100
6.716400 -2.212000 5.191400
7.321100 -1.387200 4.689100
7.216000 -2.834900 8.086300
6.880300 -2.340200 5.572300
7.688100 -4.560400 5.910700
5.991000 -3.167100 7.029000
7.531100 -2.242600 5.347400
7.383600 -2.470800 5.952600
6.414300 -3.033000 5.697600
6.966200 -2.444600 5.607400
7.632300 -1.663200 5.702300
6.607500 -3.231200 6.086200
7.377600 -2.995100 6.222500
7.689800 -2.750200 6.096400
7.284500 -3.149800 6.411200
6.024800 -3.031200 6.800300
6.320200 -1.618400 5.603600
6.865300 -3.114100 5.432000
7.393300 -2.791800 5.890000
7.818500 -3.224500 6.132200
8.836400 -2.986300 7.193600
7.966900 -2.601400 5.856500
6.649600 -2.460300 5.991600
7.374300 -1.184600 6.033700
7.391200 -3.648800 5.905900
6.655700 -1.322700 5.741500
7.596100 -3.567100 6.527400
8.129300 -3.557100 4.651200
6.643200 -1.943100 5.997600
7.287300 -2.408300 5.675600
6.131500 -1.886600 5.988900
6.034800 -1.758200 5.548600
6.997400 -1.931100 6.224600
7.249900 -2.863700 6.062500
5.990300 -2.701100 5.733500
5.717800 -2.738700 6.177000
6.663000 -3.777200 5.656500
8.485200 -3.511400 5.637300
7.136300 -2.679600 6.050200
8.544800 -2.620400 6.538200
6.902600 -3.302200 5.039500
6.880000 -2.782400 5.843600
7.929900 -2.239800 5.467600
6.514200 -3.575300 4.995200
7.806300 -3.377600 5.599000
7.990500 -3.684500 6.109000
7.288100 -3.356800 6.123500
7.574800 -2.911300 6.478000
6.035700 -2.997000 7.487900
7.362700 -3.622200 6.838200
6.158200 -2.202700 7.334200
8.212600 -3.303100 6.617700
6.823500 -3.235600 5.707700
7.910300 -3.509000 5.587700
7.805800 -4.254100 4.592000
6.814300 -3.872800 6.130400
6.520400 -3.809400 6.059800
6.678900 -3.323600 6.165900
7.355600 -2.039600 5.013900
7.135000 -2.987300 4.479100
6.342900 -3.478400 5.885000
6.172800 -4.375700 5.861800
7.262000 -1.472100 7.095900
6.446600 -2.976000 5.707600
6.509600 -2.355300 6.140400
7.524700 -2.342100 5.795000
6.728500 -3.042700 6.258600
6.721900 -4.580100 5.977400
7.865300 -1.964400 7.851900
6.598800 -3.261400 6.576900
6.038600 -2.619900 7.024700
7.414300 -2.166200 5.629200
7.502100 -2.523100 5.619100
7.150500 -3.161000 5.307000
6.975100 -3.289300 5.089500
-2.002400 -2.662300 5.268900
-1.709300 -2.122400 6.950500
-1.332400 -1.712600 6.411000
-2.473700 -2.864400 5.403100
-1.300500 -1.806400 5.493300
-2.684500 -2.676000 5.530500
-1.359800 -2.744300 5.969400
-2.649700 -1.803100 5.389700
-2.014700 -1.016000 5.736600
-1.485100 -2.832100 7.302100
-2.633000 -2.762100 5.470900
-2.355300 -2.083200 6.236600
-1.951000 -1.801700 6.637800
-1.431300 -1.079300 5.023200
-2.432800 -2.452000 6.940100
-1.576900 -1.553000 5.939600
-1.919700 -1.725000 6.783100
-2.386700 -2.367300 5.962100
-2.187600 -1.990300 6.151100
-1.641600 -1.945800 6.419000
-1.247600 -2.293200 6.421800
-2.067500 -2.225100 6.132600
-1.601700 -1.640900 6.210200
-2.299200 -2.278100 7.006700
-2.759900 -1.409500 4.602600
-1.958100 -2.475700 5.840500
-2.883800 -2.014800 4.902400
-1.647800 -1.702500 5.686800
-1.558600 -1.794200 5.308400
-1.769300 -1.232600 5.855600
-1.737000 -2.475100 6.373900
-1.864300 -1.625400 6.406200
-1.510500 -1.733200 5.802700
-1.823200 -1.933000 4.794900
-2.552900 -2.480300 6.343000
-1.645300 -1.917500 6.540300
-1.310700 -2.010300 5.756900
-1.425900 -1.578900 6.062400
-2.083100 -2.165500 5.908900
-1.275700 -1.417800 5.476000
-2.169900 -2.305700 5.160600
-1.957600 -2.286000 6.038300
-3.081100 -1.408300 7.013000
-1.875400 -1.562800 5.087200
-3.006400 -1.657700 6.120700
-2.354900 -2.142300 6.411100
-2.860600 -1.754200 5.026400
-1.733100 -2.754400 5.518300
-1.659200 -3.410900 7.099300
-2.557500 -2.336600 6.300500
-1.295500 -3.047400 6.275000
-2.346800 -0.888400 5.542800
-1.189100 -1.781300 6.178500
-2.583400 -1.687700 6.052200
-0.914500 -1.584000 5.990600
-2.090700 -1.220100 5.629500
-1.575600 -1.490900 6.019600
-1.555000 -1.710000 5.167800
-2.257700 -2.901700 6.015000
-1.283900 -1.283800 6.104900
-1.391900 -2.095100 5.802600
-2.641000 -2.345100 6.861100
-2.401900 -1.390100 5.451400
-2.015800 -2.932000 6.123500
-2.350200 -2.408300 5.964800
-1.015700 -2.037300 5.331900
-2.015700 -2.686400 6.992700
-2.013700 -2.568700 6.053200
-3.124300 -1.677500 6.798700
-2.618600 -2.074800 6.637500
-1.834200 -2.942200 6.067000
-2.296400 -1.662500 6.092900
-1.156400 -2.509300 6.403500
-1.680000 -1.721600 6.317100
-2.175500 -2.640500 6.505600
-1.718400 -2.420700 6.244200
-2.260300 -1.900700 6.985400
-2.290000 -2.614700 5.584500
-1.872600 -2.475500 5.751400
-1.868300 -2.000300 5.092200
-2.766200 -1.808000 5.950000
-2.829100 -1.857400 4.937600
-2.968400 -3.584500 5.396100
-1.706000 -1.770400 6.775600
-2.365100 -2.007500 7.410000
-1.973900 -2.087300 6.556700
-1.447700 -1.696800 6.552100
-2.914400 -1.500500 5.369900
-2.020700 -1.516500 5.986800
-2.608400 -1.324100 5.291700
-2.249900 -1.201500 6.406300
-1.710100 -0.917100 5.460000
-1.152600 -1.744600 6.372000
-2.914600 -1.915000 6.779100
-1.366000 -1.669200 6.023200
-2.325400 -1.118200 5.763100
-2.041700 -1.740700 6.458800
-2.834600 -3.466200 7.056900
-2.090000 -2.377000 5.175900
-1.789400 -2.007100 7.239000
-0.903500 -2.896700 6.154500
-1.456300 -2.492900 7.239300
-2.129400 -2.271500 4.442900
-2.608900 -2.439400 6.840500
-2.279700 -1.415200 6.206200
-1.302500 -2.180500 6.124800
-1.488500 -1.129700 7.266300
-3.070300 -2.388700 6.761500
-2.235900 -1.826600 5.856700
-1.778700 -3.467600 6.566200
-1.980900 -2.657400 5.222500
-1.535300 -1.592000 4.971200
-1.562200 -2.385600 6.074500
-1.352000 -1.821200 6.136000
-1.972600 -2.388100 6.084800
-1.983800 -1.206000 5.796500
-0.863700 -1.261600 6.988300
-1.363900 -1.985000 5.673000
-2.146700 -1.819600 5.915800
-2.498500 -3.378700 6.617600
-2.649500 -2.209700 5.733800
-2.844100 -1.920000 6.653400
-1.538600 -1.809500 4.919600
-2.770200 -1.883200 6.319200
-2.522700 -1.290300 5.587800
-1.778300 -1.567000 5.513800
-2.513700 -1.110300 5.733000
-1.584400 -2.191900 6.440800
-1.900100 -2.051800 6.246200
-1.249300 -2.831800 6.239200
-1.969600 -2.848300 5.392300
-2.129600 -2.348600 5.842300
-3.702800 -2.186000 5.918800
-1.711400 -1.388100 6.099100
-2.234400 -1.675800 6.894800
-1.821400 -1.228300 5.628300
-1.329900 -3.299100 5.215900
-1.432900 -2.366600 6.057000
-1.871800 -2.078800 6.347000
-2.048700 -2.021200 5.257500
-3.037600 -1.752800 5.294000
-2.086700 -0.707000 6.595000
-2.558200 -3.103300 7.004400
-1.655000 -1.827700 4.904700
-1.895900 -1.435100 5.200600
-2.017800 -1.653700 6.295800
-2.050300 -1.233300 5.428900
-2.276400 -1.824700 5.978800
-1.603300 -3.441400 5.089500
-1.916300 -2.533000 7.269100
-1.591900 -2.038300 6.006900
-1.280100 -2.168200 6.043400
-1.685100 -1.412900 6.390000
-3.196800 -2.273300 5.951100
-1.311000 -1.198300 6.767500
-1.300100 -1.804500 5.485300
-3.232100 -2.432800 6.700900
-1.921500 -1.318900 5.522600
-1.015300 -2.774600 6.588700
-2.155200 -3.279900 6.313400
-2.133400 -1.319400 5.863800
-3.147100 -3.016500 6.605500
-1.523300 -2.885300 5.012500
-2.493300 -1.887600 6.215400
-2.357800 -2.045200 6.621300
-2.007900 -1.154900 6.574100
-2.569400 -1.287500 6.960500
-0.965200 -2.276600 6.774500
-2.197800 -2.039000 5.710900
-1.662300 -1.977400 6.231300
-2.896200 -1.755000 6.582700
-1.788100 -2.507400 6.092800
-2.027600 -0.956200 6.838500
-1.825600 -1.032400 5.915000
-1.993700 -2.122700 5.725300
-1.993800 -1.857700 5.269800
-3.001900 -1.477200 5.565300
-2.038300 -1.561300 6.272100
-2.364900 -2.503700 6.776100
-2.242000 -2.810100 5.945400
-1.812100 -1.363100 6.120700
-2.250400 -2.171600 6.291200
-2.650900 -2.598100 6.151600
-1.907600 -2.234200 5.386600
-1.819300 -3.073400 6.040500
-1.987600 -3.075500 5.390800
-2.054500 -2.028700 5.966800
-2.155000 -1.635100 5.361400
-0.928300 -1.400300 6.110700
-2.691000 -2.246400 5.477000
-1.888500 -2.454800 6.050700
-2.071500 -2.345000 6.065200
-2.321200 -2.815500 6.980800
-1.268600 -2.258700 6.619800
-2.918000 -1.552500 6.577400
-2.471700 -2.565800 6.110700
-2.453100 -0.676200 5.554400
-1.365900 -1.538700 6.012200
-1.460500 -1.895100 7.076800
-1.926700 -1.439200 5.490100
-0.924500 -0.843600 6.089500
-2.272400 -1.600800 5.083000
-3.122500 -1.574500 4.983700
-1.572500 -1.748200 7.133600
-2.873000 -1.663100 5.608800
-1.672700 -1.577700 6.527700
-1.571100 -2.648500 6.003100
-2.821600 -2.132600 5.854200
-1.498800 -1.604300 5.888600
-1.940700 -1.402000 6.374000
-1.233700 -2.056000 6.783200
-1.536000 -1.521900 6.025300
-1.237800 -1.540900 6.497900
-2.585900 -2.506200 6.323900
-2.094300 -2.128900 5.386200
-1.596500 -1.346700 5.511900
-1.727300 -1.749400 5.798800
-1.836100 -2.166900 6.153000
-1.564600 -2.392600 6.638600
-2.364600 -1.796000 7.373100
-0.892600 -1.671400 6.290200
-2.413100 -0.931600 5.649200
-2.507200 -1.190300 6.770500
-1.427200 -1.871900 5.147400
-1.737100 -1.446500 6.085500
-1.944500 -1.559900 5.540300
-1.868900 -1.221400 5.711800
-2.498800 -1.414200 5.870200
-1.043700 -1.101400 6.604200
-2.401300 -1.490000 5.588800
-2.818600 -1.569800 6.111000
-1.407800 -2.263000 7.098100
-2.539900 -2.322200 6.146800
-1.454500 -2.201300 5.444100
-1.982000 -2.624700 4.863300
-1.994300 -2.323800 6.201200
-2.366300 -1.564500 5.840400
-2.179000 -1.411100 6.128600
-3.006800 -3.508600 5.425700
-2.668000 -2.108200 6.266500
-2.567600 -1.474200 6.208500
-2.108800 -1.806800 6.153000
-2.748300 -0.928000 5.695800
-1.582400 -1.717600 5.831600
-1.109800 -2.275400 5.897200
-1.487700 -2.249900 6.606600
-1.757600 -1.540500 5.566200
-2.428800 -1.423300 5.929900
-2.632600 -2.296000 5.785300
-1.778300 -2.558900 6.351800
-1.710600 -1.896500 5.774600
-1.562900 -1.295100 6.561400
-1.324200 -2.317500 6.680200
-1.841500 -3.126200 5.817600
-1.886500 -2.162700 6.094600
-2.808100 -2.407900 5.844200
-2.247000 -1.549700 4.484900
-1.982500 -2.679400 5.573000
-2.109700 -1.811500 6.430600
-2.497000 -1.659400 5.919700
-1.091400 -1.999800 6.389100
-2.534300 -1.457100 5.509000
-2.499700 -2.059100 6.436500
-3.404500 -3.239400 6.568400
-1.138600 -2.331300 6.120600
-0.236800 -2.296400 5.602400
-1.046900 -3.082400 6.717900
-1.389400 -1.475200 5.045500
-1.794600 -1.822700 5.743900
-2.277000 -1.139200 5.050000
-0.843000 -1.898000 6.288700
-1.798200 -2.139600 5.574200
-2.615200 -1.447900 5.856000
-1.720700 -2.603800 5.398000
-1.956500 -2.014800 5.972900
-2.672600 -2.484800 5.754700
-0.962600 -2.687300 4.872200
-2.228800 -2.203600 6.412900
-1.974000 -2.203700 5.528500
-2.053400 -3.557200 5.393700
-0.919400 -2.516500 6.168600
-1.616600 -2.364700 5.697300
-1.958000 -2.856400 5.348000
-2.144100 -2.067800 5.995200
-2.560700 -0.749900 5.791700
-2.025500 -2.169500 6.798500
-2.054300 -1.159200 5.507300
-2.561400 -2.156100 6.375100
-1.919900 -1.722900 5.751800
-2.338500 -1.709100 6.174700
-3.338500 -1.724800 5.142900
-2.366500 -2.045400 6.301800
-2.225600 -2.303800 5.744300
-2.661100 -1.528500 5.530300
-2.085500 -1.884800 6.586400
-0.947800 -2.246600 6.060100
-2.425300 -2.579200 5.625300
-1.720800 -1.889900 5.860000
-2.498100 -1.970200 5.623800
-2.227500 -0.567000 7.269500
-1.927200 -1.666300 5.960500
-2.709400 -1.673900 6.150800
-2.462300 -1.444000 5.159900
-2.555600 -2.641300 6.681000
-2.300600 -2.229300 6.167700
-1.602000 -1.263000 5.629600
-2.558800 -1.861000 5.948000
-1.822400 -1.916500 6.032900
-2.018000 -1.802100 6.000200
-3.257600 -1.953400 5.011600
-1.312300 -2.665500 5.065800
-2.417200 -1.346500 6.357500
-2.917000 -1.752900 5.852200
-1.630900 -1.134100 6.436400
-2.765700 -1.483600 5.592100
-1.463700 -2.428000 5.252100
-1.183900 -1.086500 5.837600
-1.881800 -1.708000 6.056400
-2.023500 -2.385100 6.763400
-3.061800 -1.801400 5.314900
-2.735500 -1.189100 6.583200
-1.790000 -1.853600 5.377900
-2.516800 -1.942000 5.993100
-2.329600 -1.940000 5.952500
-2.114200 -2.392700 5.993800
-1.608900 -2.643900 5.327000
-2.557500 -3.112600 6.478900
-1.632800 -1.608300 7.415100
-2.077300 -1.588200 5.887700
-2.363000 -2.148200 6.777900
-1.916800 -1.739700 5.856400
-1.777100 -1.447600 6.823900
-2.849900 -2.747600 5.845500
-1.565800 -2.729100 7.016700
-1.537200 -1.874600 6.771900
-1.732600 -2.088200 5.795800
-1.973100 -1.871100 6.585700
-2.431900 -1.887500 6.056500
-1.778400 -1.751700 6.001300
-1.986600 -2.524900 6.054800
-1.466800 -1.478300 6.314600
-2.578800 -2.237100 5.088200
-1.436800 -1.770800 6.757800
-2.532200 -2.017600 5.048800
-1.578400 -1.820300 6.163000
-1.720400 -1.909200 6.000300
-2.055200 -1.647100 6.010900
-2.541300 -2.259000 6.235900
-2.090900 -1.784000 6.088600
-1.559400 -1.398300 6.172700
-1.614600 -1.565800 6.219100
-1.038300 -2.173800 6.128500
-1.935700 -3.230300 5.527400
-1.413100 -2.461200 6.066000
-1.502900 -1.974700 6.322300
-2.969400 -1.891900 6.147400
-2.073600 -1.510600 6.222900
-2.735600 -1.633500 6.502100
-2.539600 -2.473700 5.970800
-2.833700 -1.887400 5.958200
-2.239800 -2.089700 6.675600
-2.130700 -1.990300 5.554500
-2.127700 -1.790400 6.241100
-3.200500 -2.594000 5.776600
-2.832300 -2.506000 5.081900
-1.696800 -2.187800 6.025900
-2.636100 -1.620600 5.394300
-3.216700 -1.939500 6.048400
-2.290800 -1.512500 6.312100
-1.346400 -2.150800 6.165900
-2.099300 -1.844300 6.271500
-1.709400 -1.156800 4.926900
-1.319500 -2.310000 6.678300
-2.769100 -1.033200 6.397600
-1.643300 -2.741900 5.874200
-1.930300 -1.773500 7.599800
-2.279400 -1.181600 5.529600
-2.043500 -2.924700 4.696800
-1.794100 -1.900300 5.726700
-1.411500 -1.668300 6.258400
-2.110500 -2.216700 6.326600
-1.873800 -2.462800 6.436900
-2.726000 -2.870300 4.429200
-2.456400 -1.419800 4.885800
-1.103600 -2.504900 6.494500
-1.898500 -2.220000 6.268400
-3.410600 -2.536000 5.642100
-2.030900 -2.519600 5.884800
-1.485300 -1.228000 5.982700
-1.156100 -2.468100 5.832000
-1.659400 -1.686900 5.019800
-2.456300 -2.469000 5.778600
-2.779600 -2.190500 6.392200
-2.428100 -1.411100 5.494100
-2.308900 -1.710100 6.009800
-2.428500 -1.820100 6.491800
-2.566500 -2.506000 5.501400
-1.971200 -3.144900 6.187300
-1.075100 -2.706100 7.014000
-2.467800 -1.027600 7.240900
-2.267100 -2.603200 5.641400
-1.572100 -2.432900 4.595300
-2.327700 -1.677400 6.719300
-2.195500 -3.011400 6.533300
-1.941700 -1.267000 6.056500
-1.561400 -1.680000 5.221300
-0.999700 -1.874500 6.314100
-2.046000 -2.132800 6.894800
-2.491200 -1.590400 5.537500
-2.193000 -2.318000 5.968300
-1.402300 -0.906100 5.248200
-0.591600 -2.458200 6.839400
-2.374900 -1.804700 5.858400
-2.476300 -2.167800 6.211000
-1.895100 -1.734000 6.918900
-1.602000 -1.327100 6.058700
-2.380200 -2.440100 6.387100
-1.483000 -0.619600 5.816500
-2.614200 -2.727900 6.243300
-1.538800 -2.060000 6.061900
-2.962100 -1.482700 6.091200
-2.043100 -2.225600 5.999500
-2.016300 -2.167000 5.458000
-1.429700 -1.353900 5.818600
-1.369600 -2.395000 6.314100
-1.398300 -1.829800 6.389800
-2.242800 -1.781900 6.462200
-1.152900 -2.318000 5.890900
-2.311300 -2.416400 6.806100
-2.571000 -2.328500 5.497600
-1.828400 -1.758300 6.301500
-2.076000 -0.981500 6.327000
-1.936000 -1.418400 6.209400
-2.269500 -2.219700 6.011600
-2.234400 -1.987500 5.829000
-2.393800 -1.415200 5.966200
-1.257500 -2.299600 6.011800
-2.282900 -2.841200 6.216700
-0.823400 -1.684400 5.684300
-3.041600 -1.881000 6.017000
-1.880900 -1.735800 5.768800
-0.767900 -2.078400 5.022200
-1.546100 -1.491700 5.000500
-1.677800 -2.250500 5.576400
-1.320900 -1.380600 4.729400
-2.191600 -2.135800 6.993400
-1.104900 -1.315000 4.741000
-1.292600 -3.201700 5.926600
-2.840400 -1.748600 5.934400
-1.730900 -1.813600 5.642800
0.531900 -1.060100 6.152700
-2.412900 -1.748900 6.059900
-2.599500 -1.298000 6.107700
-1.722000 -2.501400 6.379200
-2.285100 -2.234500 6.254500
-1.845400 -1.239800 7.469700
-1.586700 -2.746300 6.217900
-1.137000 -2.548800 6.275000
-2.172300 -1.536600 6.024700
-2.460900 -1.316000 6.196500
-1.911900 -1.767200 5.082900
-1.281400 -2.336800 6.070000
-2.076800 -1.829600 5.562700
-1.423200 -1.831600 6.690600
-1.187600 -1.438500 5.965300
-1.418200 -3.537300 5.800800
-2.180900 -2.976100 6.220900
-2.143400 -0.510800 5.576300
-2.034100 -1.707000 6.863100
-2.104000 -1.435900 6.426800
-1.842200 -2.948500 7.418400
-1.201800 -2.273200 6.766400
-2.041300 -2.941700 5.148500
-2.215000 -2.710500 7.297700
-1.876200 -2.017300 6.293900
-2.244100 -1.223400 6.301200
-2.941000 -0.846000 6.290900
-2.052500 -1.330500 6.644100
-2.647300 -2.139500 6.441900
-1.938300 -2.164400 5.763900
-1.365000 -2.697800 4.664800
-2.765900 -1.795300 6.170800
-1.320800 -1.469700 6.243800
-2.994700 -1.627600 5.542700
-1.933000 -2.668200 6.606100
-1.702600 -1.183500 6.354300
-2.468300 -2.808800 6.318200
-1.392900 -1.989500 6.091500
-1.580800 -1.138200 6.384100
-2.307500 -1.908500 5.004100
-0.529600 -1.356700 5.599400
-1.405100 -1.904500 6.128400
-1.517200 -2.352400 6.437200
-2.432600 -2.386800 5.663500
-1.831500 -2.028800 5.500800
-2.813400 -1.962300 5.702800
-2.478600 -2.480200 5.304500
-1.840500 -2.415300 7.219100
-2.327400 -1.969200 6.097700
-1.397800 -2.282900 5.757300
-7.747400 -6.295000 -4.923200
-9.276600 -6.408200 -4.025800
-10.866200 -4.667100 -5.457900
-7.793500 -7.489200 -3.571000
-9.943800 -5.565500 -4.726100
-6.810400 -7.875200 -3.515600
-8.271300 -7.181000 -3.695400
-6.614000 -7.666100 -3.854100
-7.491300 -6.806500 -4.479200
-8.583500 -7.702600 -2.943300
-7.981600 -7.231500 -3.706600
-8.711200 -6.941500 -3.686400
-7.092300 -8.021600 -3.141600
-7.196100 -8.146800 -3.034000
-8.987400 -6.303100 -4.384400
-7.421300 -6.494300 -4.956900
-10.034600 -6.169700 -3.993000
-8.182600 -7.116300 -3.746900
-8.018000 -6.731600 -4.326400
-6.724900 -7.781600 -3.682700
-8.446000 -6.809600 -3.983400
-8.689100 -6.078500 -4.826000
-8.799100 -6.852900 -3.716000
-7.065000 -7.353600 -4.040400
-8.629900 -6.485400 -4.298500
-7.565700 -7.943100 -3.074100
-7.200800 -7.993600 -3.150700
-7.744900 -6.490300 -4.795100
-8.793300 -6.242400 -4.463700
-7.968300 -6.806000 -4.296800
-8.351000 -6.590500 -4.300500
-8.062700 -7.574900 -3.283900
-8.750900 -5.018400 -6.000800
-6.869700 -8.138600 -3.189800
-8.500900 -5.991900 -5.032600
-9.068800 -6.351700 -4.270300
-7.678100 -7.841300 -3.201400
-9.044600 -5.991200 -4.731100
-7.883800 -6.819000 -4.238600
-8.155500 -6.395400 -4.639400
-6.854300 -7.474200 -4.034300
-7.603600 -7.242300 -3.937700
-8.862200 -6.596800 -4.092900
-7.808900 -7.379800 -3.586600
-8.445100 -6.514500 -4.437700
-7.943400 -7.198400 -3.800600
-8.166700 -6.434900 -4.609100
-10.943600 -5.454100 -4.389400
-7.778200 -7.135500 -3.933400
-7.158500 -7.762700 -3.498100
-7.126300 -7.327400 -4.056000
-7.028300 -6.774600 -4.789100
-8.621400 -8.170200 -2.338000
-8.019400 -6.695300 -4.360700
-7.233300 -7.191200 -4.177300
-8.247200 -7.297300 -3.477000
-8.128500 -7.126400 -3.784100
-7.633300 -6.591000 -4.706000
-8.770700 -6.388000 -4.307000
-7.856600 -6.996400 -4.127600
-6.996200 -7.194400 -4.253100
-7.748500 -6.603500 -4.624900
-7.687200 -6.949000 -4.219500
-7.984700 -7.505800 -3.402800
-6.919500 -7.533800 -3.826900
-7.644200 -7.508600 -3.572400
-7.091100 -7.316400 -4.043500
-7.068100 -7.635000 -3.617100
-8.601700 -7.417100 -3.229900
-7.886700 -7.458800 -3.504200
-7.932000 -7.383700 -3.592900
-7.038700 -7.986100 -3.265100
-7.364900 -7.805000 -3.408000
-8.069600 -6.322800 -4.743200
-9.077100 -6.165100 -4.453700
-8.388400 -6.189500 -4.826500
-8.303500 -5.645900 -5.463000
-7.554800 -7.260600 -3.880600
-7.836600 -7.408300 -3.555000
-8.054600 -6.997000 -3.989700
-9.241000 -6.131000 -4.483600
-7.639700 -7.827100 -3.210100
-6.215100 -7.758700 -4.039600
-7.169000 -6.955400 -4.443100
-7.818300 -6.746600 -4.444600
-8.749900 -5.657400 -5.285700
-9.685400 -6.779900 -3.358600
-6.754400 -8.098000 -3.284100
-8.391300 -6.839000 -4.076500
-7.426200 -6.866200 -4.416800
-9.441300 -6.510300 -3.826500
-9.380400 -5.985200 -4.542800
-7.470400 -7.852300 -3.233600
-7.273300 -6.867500 -4.571900
-8.538400 -7.297000 -3.379100
-6.783900 -7.785300 -3.677500
-6.278800 -9.222700 -2.154700
-8.432100 -6.024700 -4.934800
-9.100400 -6.890900 -3.574800
-9.502000 -5.888300 -4.575300
-7.362500 -7.277200 -3.985200
-7.466800 -7.869500 -3.237000
-8.111700 -7.653400 -3.156300
-8.902100 -6.775700 -3.833700
-8.205300 -6.453300 -4.541300
-8.202700 -6.857400 -4.034900
-6.988500 -7.877200 -3.474400
-7.803100 -7.077700 -3.987400
-9.726100 -5.788700 -4.549700
-8.764500 -5.674600 -5.260900
-6.917200 -8.548000 -2.706600
-7.896800 -7.156600 -3.853000
-7.614700 -6.695100 -4.567800
-8.755000 -7.267000 -3.314900
-7.063700 -7.535100 -3.832500
-8.384200 -7.020000 -3.753900
-7.771000 -6.582700 -4.556000
-8.819500 -5.225000 -5.755500
-7.334800 -7.337500 -3.893000
-6.891100 -7.398200 -4.088600
-7.047400 -6.997500 -4.452300
-7.855700 -6.368600 -4.788400
-9.233300 -6.595500 -3.804500
-7.258000 -7.018100 -4.332200
-8.772500 -5.978600 -4.875900
-8.437900 -6.564800 -4.275900
-7.950400 -7.124100 -3.830000
-7.238300 -7.542700 -3.792000
-7.884900 -6.604400 -4.603500
-7.833600 -5.876000 -5.374800
-5.895000 -8.711700 -3.049100
-6.390700 -7.748800 -3.887100
-8.215200 -7.216300 -3.624000
-6.750400 -7.720800 -3.739900
-5.232900 -8.588100 -3.488900
-7.113000 -7.053700 -4.379000
-7.102000 -7.637600 -3.646800
-7.009300 -7.610600 -3.700400
-8.093500 -6.666800 -4.372400
-7.474100 -6.678600 -4.635400
-7.344500 -8.095000 -2.948600
-7.493200 -7.568500 -3.597100
-9.972000 -5.229100 -5.204700
-9.049400 -5.867700 -4.827900
-8.297200 -6.319400 -4.740800
-8.621800 -6.369800 -4.450200
-7.198900 -7.794300 -3.474900
-7.231600 -6.318500 -5.177000
-7.861900 -7.838400 -3.081800
-6.956800 -8.169000 -3.100800
-7.258100 -7.510500 -3.775900
-8.121600 -6.706500 -4.283900
-8.579600 -7.542900 -3.083500
-5.858700 -8.422300 -3.318300
-7.676400 -6.831000 -4.326200
-8.058700 -7.377800 -3.479000
-9.269200 -5.904900 -4.675700
-7.611400 -7.069800 -4.061900
-9.364000 -6.198700 -4.269800
-7.170100 -6.157200 -5.395200
-8.597500 -7.083000 -3.580400
-8.822600 -5.249700 -5.733700
-7.254200 -5.929200 -5.761100
-7.228600 -7.669800 -3.558400
-7.551300 -6.753700 -4.475600
-8.486600 -6.479800 -4.502600
-7.262000 -6.618700 -4.764600
-8.692900 -6.745000 -3.941600
-7.324600 -7.514200 -3.752500
-9.224800 -7.375000 -2.927500
-8.289900 -6.711700 -4.194300
-8.879900 -7.563400 -2.926000
-8.185400 -7.411000 -3.432000
-9.385500 -6.848500 -3.533100
-6.381800 -8.642400 -2.820800
-6.913100 -7.350500 -4.160100
-7.252800 -8.369100 -2.617600
-8.099700 -5.521100 -5.723000
-7.216900 -6.776400 -4.706600
-8.092900 -6.598700 -4.440400
-9.148200 -6.359200 -4.222300
-7.860400 -7.235300 -3.807400
-8.691200 -6.564100 -4.137300
-7.377000 -7.948800 -3.156300
-8.878900 -6.648700 -4.038500
-6.850300 -7.579700 -3.790800
-9.120100 -5.873500 -4.826100
-6.444200 -7.377700 -4.329900
-7.602100 -6.916100 -4.273400
-7.747600 -7.970300 -2.940100
-9.138900 -6.789900 -3.722900
-8.964400 -6.172900 -4.538100
-6.761800 -7.111100 -4.452100
-7.322600 -7.277700 -4.052100
-8.382100 -6.794900 -4.032700
-8.856400 -5.399800 -5.559200
-8.024000 -7.435700 -3.379300
-8.701400 -6.703600 -4.054200
-7.900200 -6.832300 -4.249800
-7.146100 -7.339900 -4.017900
-8.211900 -6.313500 -4.755600
-7.998800 -6.725800 -4.310700
-7.662900 -6.097300 -5.251900
-8.737400 -6.745500 -3.924500
-8.772000 -7.142500 -3.390700
-8.142900 -6.425000 -4.596500
-7.704300 -6.780800 -4.437100
-8.353900 -7.308400 -3.425500
-9.802300 -6.243200 -4.068100
-7.886900 -6.691500 -4.337100
-8.425700 -5.874200 -5.141000
-7.670900 -7.977300 -2.980200
-7.696800 -7.530000 -3.501000
-8.408500 -5.896700 -5.123800
-8.401200 -5.297900 -5.894100
-8.240100 -5.480700 -5.719900
-6.880800 -7.418300 -3.999300
-8.245100 -7.534700 -3.256100
-8.230400 -7.440900 -3.353400
-7.786700 -7.105800 -4.064100
-7.019900 -7.249400 -4.201800
-7.918500 -7.330200 -3.646800
-8.110700 -6.538200 -4.508300
-8.454500 -6.771700 -4.079200
-6.515100 -8.112600 -3.392300
-6.857200 -9.025400 -2.086300
-8.909500 -6.561200 -4.034200
-8.227500 -6.499100 -4.444200
-6.284300 -7.615600 -4.173800
-7.976900 -7.348500 -3.607200
-9.571000 -7.262100 -2.892200
-6.964600 -7.588400 -3.830200
-7.459800 -7.870100 -3.208300
-7.057600 -8.484000 -2.682400
-10.392500 -6.038000 -3.974900
-6.952400 -7.656100 -3.697600
-9.099000 -6.701900 -3.842400
-9.078300 -5.652500 -5.140500
-7.532900 -7.051800 -4.226000
-7.863400 -5.746400 -5.528400
-7.997700 -7.335500 -3.561600
-7.031600 -6.790100 -4.788400
-8.245400 -7.115300 -3.706900
-6.030800 -8.114100 -3.623500
-7.589400 -7.237100 -3.917700
-7.907400 -7.657300 -3.168700
-7.596100 -6.327400 -5.029300
-5.751600 -9.247700 -2.388000
-7.398700 -6.658900 -4.735700
-8.726700 -6.114100 -4.708500
-6.803800 -8.447000 -2.815500
-7.834800 -7.683700 -3.224100
-7.848500 -7.592100 -3.276500
-7.121900 -8.755800 -2.315300
-6.277900 -7.789600 -3.909300
-9.440600 -6.198500 -4.222400
-7.807100 -7.620300 -3.340900
-5.658300 -8.970800 -2.783900
-7.870100 -7.830900 -3.071500
-8.402800 -7.151000 -3.555900
-7.884500 -7.589600 -3.316900
-6.790400 -8.211400 -3.189000
-6.787100 -7.759900 -3.656900
-9.178700 -6.865000 -3.566400
-8.013100 -7.438100 -3.505900
-8.757900 -5.917300 -4.968900
-8.095800 -6.854700 -4.096800
-7.356600 -6.527600 -4.917000
-7.483000 -7.149100 -4.060000
-7.234800 -7.775400 -3.489000
-8.917100 -7.218200 -3.285600
-7.866900 -6.971400 -4.207900
-6.805800 -8.339600 -3.002300
-7.862000 -7.573100 -3.384400
-8.707600 -5.902500 -5.002400
-8.461800 -7.305500 -3.462300
-6.047700 -7.628500 -4.246500
-8.209900 -6.612400 -4.395100
-8.198300 -7.039400 -3.870900
-7.931800 -7.345400 -3.614700
-8.061400 -7.114900 -3.810600
-7.468700 -7.195300 -4.041000
-7.167600 -7.692500 -3.550800
-7.235700 -7.690700 -3.514800
-8.661600 -6.317500 -4.468700
-8.250100 -6.458700 -4.516700
-8.506800 -6.810900 -3.991000
-7.406500 -7.211300 -4.089200
-7.880400 -6.971600 -4.114900
-9.945000 -5.025400 -5.395300
-7.293600 -8.213500 -2.844900
-8.278800 -6.832500 -4.106400
-7.719200 -7.879400 -3.044400
-7.630700 -6.738200 -4.461400
-8.143400 -6.252900 -4.863400
-7.202600 -7.325500 -3.991200
-8.866800 -6.708000 -3.907400
-6.997400 -7.233100 -4.213900
-8.350700 -6.373400 -4.567400
-7.885600 -7.636300 -3.318300
-8.423100 -6.144900 -4.855700
-6.918300 -7.571800 -3.855000
-7.149200 -7.842900 -3.378600
-8.456600 -6.946700 -3.770800
-7.873900 -7.256700 -3.702800
-8.429300 -7.106600 -3.658000
-7.902800 -6.702500 -4.392000
-8.288300 -7.006700 -3.850400
-7.940400 -6.781600 -4.283200
-8.206000 -6.690300 -4.321800
-9.224200 -6.832100 -3.626900
-7.990400 -6.850500 -4.164100
-7.074400 -6.488600 -5.110600
-8.816100 -7.194400 -3.327400
-6.463000 -7.652100 -3.954500
-8.165500 -6.922300 -4.011900
-7.326000 -7.411400 -3.852400
-6.528700 -7.702700 -3.912000
-10.035900 -5.269200 -5.081100
-8.435800 -7.104500 -3.624500
-6.481700 -8.938000 -2.312600
-8.495800 -6.820200 -3.953500
-9.238000 -5.323900 -5.468900
-8.548300 -6.686400 -4.108500
-8.739700 -7.184500 -3.433900
-8.834200 -8.242000 -2.153900
-7.732600 -7.078700 -4.000400
-7.894400 -7.619800 -3.297000
-7.851200 -6.249000 -5.018900
-7.823300 -6.343200 -4.815300
-8.931700 -5.887300 -4.907800
-7.783900 -7.519500 -3.457200
-7.646900 -7.991500 -2.972600
-9.036200 -6.450800 -4.192100
-7.178700 -7.314400 -3.975300
-6.675000 -8.533100 -2.793600
-8.127700 -7.277600 -3.603400
-9.775600 -5.123100 -5.383900
-6.505100 -8.396000 -3.061100
-7.590300 -6.721100 -4.509000
-9.075800 -5.784400 -4.952800
-7.249300 -7.631500 -3.607800
-7.649600 -7.484800 -3.565900
-8.630500 -6.227300 -4.612000
-8.695000 -6.907000 -3.709400
-7.713100 -7.586300 -3.516200
-7.228800 -7.009000 -4.377100
-8.841500 -6.650600 -4.005500
-7.478300 -6.071200 -5.304500
-8.858300 -6.581300 -4.118000
-7.339900 -7.494300 -3.731100
-7.012100 -7.276300 -4.236600
-8.245400 -6.474900 -4.520000
-8.176200 -7.215500 -3.593900
-7.941200 -6.389300 -4.754600
-8.363300 -7.415700 -3.279100
-6.695800 -7.813700 -3.664700
-7.915000 -7.072800 -3.993600
-8.361300 -6.576200 -4.359500
-9.156000 -5.480500 -5.291600
-7.207800 -7.405600 -3.912100
-8.359700 -7.061900 -3.723700
-7.971100 -7.160700 -3.803400
-8.271400 -6.817100 -4.103500
-7.717400 -7.041400 -4.107000
-7.590600 -8.236300 -2.711800
-9.168900 -5.947300 -4.654900
-7.671200 -8.420300 -2.453700
-7.577400 -6.646600 -4.586700
-6.658800 -8.251800 -3.150100
-8.516200 -6.699800 -4.101900
-8.263700 -6.772500 -4.093500
-8.408500 -6.277300 -4.730900
-8.196900 -6.990100 -3.947100
-6.658700 -8.282700 -3.151100
-8.244200 -6.574600 -4.344900
-7.030100 -8.136400 -3.118500
-7.652100 -7.184500 -4.000700
-8.718000 -6.503500 -4.161700
-6.398300 -8.244900 -3.302800
-7.592300 -7.500500 -3.633100
-5.639900 -8.898800 -2.844400
-7.159700 -7.382000 -3.961200
-8.339300 -5.661700 -5.507500
-7.396300 -7.438600 -3.740900
-8.524900 -6.674900 -4.129600
-7.447500 -5.968200 -5.502700
-5.746200 -8.797800 -2.943400
-7.899800 -6.575500 -4.549500
-8.106500 -5.745500 -5.477300
-7.766400 -7.011900 -4.008500
-8.906900 -5.531200 -5.338300
-8.011800 -7.068400 -3.949400
-8.010600 -6.224000 -4.925400
-8.990800 -5.794100 -4.975800
-9.415700 -5.885100 -4.620000
-7.039700 -7.404500 -3.948200
-9.328700 -5.836900 -4.707100
-8.380000 -7.269800 -3.444200
-7.455600 -7.220500 -3.907500
-8.397800 -6.170300 -4.791100
-7.207900 -8.926400 -2.025800
-7.424900 -7.834300 -3.330600
-5.501100 -8.609400 -3.381400
-5.822100 -7.919300 -4.028800
-8.113400 -7.440100 -3.405500
-8.774900 -5.345500 -5.608100
-9.456700 -5.596500 -5.002600
-7.669000 -8.045400 -2.945800
-8.532800 -5.566900 -5.457400
-8.001800 -7.188200 -3.825300
-9.315000 -5.823500 -4.867600
-7.786800 -7.087200 -3.974900
-8.404700 -6.923900 -3.833300
-7.662100 -7.327000 -3.799400
-7.572600 -7.499000 -3.662700
-8.670600 -6.518800 -4.288300
-8.380600 -6.550900 -4.350000
-7.320000 -7.505400 -3.744600
-7.926600 -7.011300 -3.999100
-8.353600 -6.051100 -4.965700
-9.076600 -6.085400 -4.556100
-9.772600 -5.890400 -4.479800
-8.488500 -7.221500 -3.484200
-8.654800 -6.627800 -4.151600
-7.306700 -6.843500 -4.567600
-7.445000 -7.565200 -3.547600
-7.151700 -7.805300 -3.436000
-8.054400 -7.020100 -3.935300
-7.729900 -7.242700 -3.828300
-7.185400 -6.713000 -4.814200
-7.836200 -6.712900 -4.458200
-7.646700 -8.006100 -2.902600
-9.176400 -6.832000 -3.627800
-7.851100 -6.625500 -4.480500
-9.510000 -4.979100 -5.649900
-7.591600 -6.949200 -4.233400
-8.244500 -6.208100 -4.838000
-9.902400 -5.036700 -5.498700
-8.682000 -6.423300 -4.370700
-7.724300 -7.343300 -3.780900
-8.188200 -6.404200 -4.624300
-8.150200 -6.612400 -4.377400
-8.336900 -6.685600 -4.228700
-8.104200 -6.604900 -4.464600
-8.973900 -7.694600 -2.642800
-8.581100 -7.287400 -3.342100
-8.005900 -6.878600 -4.132200
-8.062000 -7.313000 -3.615800
-8.929100 -7.356600 -3.014100
-8.097400 -6.896100 -4.088700
-7.719700 -6.995200 -4.168500
-7.631000 -6.384100 -4.889500
-7.654700 -7.737000 -3.247600
-9.286500 -5.216300 -5.519800
-8.111100 -6.549200 -4.462300
-7.680100 -7.687100 -3.353800
-7.875600 -7.895500 -3.021500
-9.419000 -5.782800 -4.791700
-7.898200 -7.265200 -3.711300
-7.316800 -7.346000 -3.834300
-8.271900 -7.506300 -3.243600
-6.705200 -8.735900 -2.549000
-8.650600 -6.848700 -3.842500
-7.751800 -6.918500 -4.214000
-7.680800 -6.875200 -4.279900
-9.005600 -6.444600 -4.148100
-8.349400 -5.922000 -5.064900
-7.878100 -7.566600 -3.418200
-8.035300 -6.934400 -4.025800
-7.239400 -7.712000 -3.522000
-8.357300 -6.197400 -4.823000
-8.469600 -6.660900 -4.228400
-9.303200 -6.014900 -4.574400
-7.625700 -7.528300 -3.534600
-8.325400 -6.638000 -4.305200
-8.683200 -6.829200 -3.863000
-8.048000 -6.506300 -4.575400
-8.384200 -7.197800 -3.605700
-8.557100 -6.874700 -3.832300
-7.967300 -6.481400 -4.653100
-7.825500 -6.911400 -4.183800
-6.698200 -7.107900 -4.488200
-6.924500 -7.448800 -4.000800
-8.498500 -7.012000 -3.737000
-7.658800 -6.967200 -4.218600
-7.515400 -7.674400 -3.382300
-8.135000 -6.603000 -4.380800
-8.815300 -6.317300 -4.377600
-7.942500 -6.678700 -4.406100
-6.940800 -7.576700 -3.802100
-7.218000 -7.472000 -3.849400
-8.115400 -6.243400 -4.839000
-6.891700 -7.195800 -4.340500
-7.948700 -7.119700 -3.930000
-8.171900 -7.231000 -3.626000
-7.297100 -7.874200 -3.335600
-8.785600 -6.828200 -3.812200
-6.145600 -7.750000 -3.987900
-8.109200 -6.919500 -4.062300
