0.680300 -0.016300
3.809500 0.798500
-1.661400 -0.577700
-0.257300 -0.155600
0.698000 0.174600
2.472300 0.567300
0.206800 -0.027400
0.567200 0.089100
-0.348800 -0.231500
-1.452000 -0.372900
1.111200 0.516700
-1.261700 -0.383300
-2.472400 -0.808700
-0.318200 -0.079400
2.497900 0.434500
0.642900 0.135800
-3.367400 -0.703500
0.265800 0.097300
2.044000 0.357900
-0.513900 -0.082200
-2.414000 -0.463200
3.316300 0.950900
-0.744700 -0.124300
1.321700 0.436300
-0.361700 0.076300
0.657700 0.244300
-2.007100 -0.421200
0.728200 0.174200
0.514200 0.114300
-0.616700 -0.081700
-0.611200 -0.076600
-2.934700 -0.609200
-0.683000 -0.178500
0.786700 0.348100
0.088300 0.111500
0.219300 -0.021300
-2.099200 -0.607900
-1.164200 -0.314200
-0.984000 -0.144500
0.095500 0.053600
1.531400 0.476800
-2.611600 -0.661100
3.223000 0.609500
-0.305900 -0.189800
1.792600 0.528900
2.078200 0.529300
1.660300 0.369800
1.201200 0.247000
3.036000 0.713300
0.683400 0.148100
-2.291200 -0.727400
1.648000 0.514800
3.304200 0.894800
-1.270700 -0.257600
2.516900 0.399900
1.540300 0.175700
3.247100 0.850100
1.364200 0.347800
-0.263500 -0.156700
1.567800 0.307500
-1.869000 -0.477400
2.254900 0.500700
-0.254400 0.009600
3.143700 0.783200
0.692700 0.095800
0.916700 0.292700
0.054100 0.080200
1.149900 0.334200
-0.354100 -0.141000
-1.858200 -0.476800
0.747000 0.324900
1.079600 0.237300
1.605600 0.139500
1.898900 0.538100
-0.784700 -0.053000
2.912700 0.692200
-1.404900 -0.256100
-1.127900 -0.255500
-1.835900 -0.544600
-0.744300 -0.060400
3.280200 0.821600
0.148800 -0.059900
1.435400 0.460300
-2.626100 -0.517900
0.538800 0.008000
0.541800 0.035400
-1.106700 -0.346100
1.158700 0.376100
-1.172200 -0.195500
0.029700 0.052500
-2.337400 -0.514600
-3.779800 -0.825000
-2.723500 -0.703300
0.088700 0.131300
2.623100 0.691200
0.454000 0.236100
-1.985800 -0.463300
-0.291600 -0.120900
1.400000 0.252200
2.272100 0.318300
-0.406900 -0.058800
1.113900 0.152100
-2.748800 -0.710800
-1.254700 -0.292800
-0.166900 -0.067300
0.539300 0.035900
-0.792900 -0.265200
-0.697100 -0.069600
0.644600 0.153400
-0.071800 -0.242800
-0.588200 -0.042800
0.818500 0.239000
0.107500 0.179400
0.394700 0.077200
-0.404500 -0.035400
-0.838600 -0.054900
0.707300 0.220700
1.328000 0.428100
-3.519000 -0.977400
1.150700 0.228100
-0.675400 -0.095200
-0.506200 -0.105800
-2.849200 -0.639500
1.835400 0.316600
-2.492900 -0.505200
-0.978800 -0.282400
-0.542900 -0.141900
1.181100 0.208700
-2.351700 -0.480800
1.037600 0.402400
-0.861600 -0.083800
-0.089400 0.038600
0.320900 0.269100
0.150300 -0.017000
0.165600 0.070000
-4.713400 -1.148900
0.663200 -0.039600
-0.664600 -0.091100
-0.197400 -0.095800
3.509600 1.028900
1.734300 0.419100
2.611800 0.683800
1.035000 0.214900
2.058900 0.589000
2.213100 0.451800
-0.817700 -0.129600
-1.802000 -0.654400
1.932700 0.468400
0.991000 0.223400
0.629100 0.188000
2.818800 0.793900
-1.156300 -0.260300
-0.783200 -0.250900
-2.289400 -0.405300
-0.271300 -0.133200
1.832200 0.444500
-1.242200 -0.179600
0.160400 0.076200
-0.487700 -0.110500
-0.182400 -0.036800
-1.382100 -0.253200
-1.514600 -0.383800
-0.530900 -0.009200
3.836400 0.918500
1.603500 0.447800
-2.021200 -0.550300
-2.012600 -0.550900
1.030700 0.508400
0.766600 0.356000
2.821200 0.732200
-0.770800 -0.288200
-2.063900 -0.416800
-0.476600 -0.068000
0.266400 0.099200
0.594400 0.082000
-2.444200 -0.498700
-1.172100 -0.412200
-0.886000 -0.143200
-0.812600 -0.006900
1.054600 0.296100
0.006400 -0.068300
0.577900 0.042800
0.273600 0.065900
-0.671200 -0.138900
-1.917600 -0.424400
-1.688300 -0.425300
-0.424100 -0.183900
0.839500 0.192600
-2.670100 -0.692600
1.496300 0.372800
0.658400 0.324700
-1.738300 -0.183400
-2.816400 -0.666500
-2.502100 -0.490200
0.279200 -0.099100
-0.378500 -0.145800
-2.748000 -0.611200
-1.294500 -0.275400
1.939900 0.370600
1.449300 0.194400
-1.897000 -0.386500
0.605700 0.065900
0.604300 0.319000
0.100200 -0.057900
-1.373000 -0.304600
1.360500 0.464800
-0.396900 -0.062500
1.163700 0.100500
0.241500 0.019700
2.923300 0.535800
0.989800 0.139900
0.210300 0.258900
0.159700 0.050600
-4.657500 -1.190200
0.458800 0.164900
-2.408700 -0.520100
0.470700 0.023900
0.535200 0.223000
0.009000 -0.080000
0.133000 -0.048800
-1.971000 -0.424200
0.330300 0.086300
-0.195700 -0.133600
-1.639800 -0.431600
-0.187700 0.034100
1.394400 0.433600
0.474500 0.065300
3.435800 0.774500
-3.742500 -0.833700
-0.086000 -0.040200
-1.664000 -0.339800
0.308300 0.116500
4.101200 1.015300
-1.348300 -0.221200
0.427500 0.329500
-0.917100 -0.014100
-1.206500 -0.256300
1.690500 0.223900
-1.500100 -0.484900
0.843200 0.085500
1.750000 0.334600
-0.721300 -0.078900
-4.514600 -1.148500
0.940300 0.069900
0.374900 0.092800
-0.594900 -0.037000
2.206600 0.409200
-0.125700 -0.299200
-0.874200 -0.139800
-0.132400 0.070700
-0.058200 -0.052000
-0.398200 -0.203300
-0.988200 -0.197800
-2.665200 -0.463800
2.212400 0.638500
2.337400 0.460500
-3.346700 -0.654200
0.298900 0.136300
1.781600 0.369300
2.962500 0.668600
-1.552200 -0.343000
-1.511300 -0.187500
-1.510800 -0.379700
2.401000 0.471300
1.468900 0.582600
0.682500 0.384600
0.110300 -0.096500
-0.995200 -0.106200
-0.309800 -0.046700
-0.186800 -0.023700
-2.054600 -0.504800
2.581000 0.631500
-0.754500 -0.139100
-4.350600 -1.131500
-1.074200 -0.370900
0.163700 0.022100
-0.454900 -0.201300
2.206300 0.586900
0.034600 0.244600
-1.294700 -0.169800
-0.075800 -0.219000
-3.028700 -0.732100
0.334100 0.151500
1.048700 0.211300
0.895900 0.209900
-3.110600 -0.777300
1.305400 0.303500
-0.618600 -0.204500
-1.901100 -0.366800
1.926200 0.466300
-1.121800 -0.068800
1.334400 0.428000
-0.800100 -0.132800
0.757200 0.199900
-5.178400 -1.179200
0.746400 0.121300
-1.842900 -0.411700
0.644700 0.116500
-0.368400 -0.039700
-0.303600 0.021600
0.709400 0.322000
0.404800 0.189700
-1.003100 -0.095400
-2.823200 -0.653200
-0.644600 -0.163200
-2.215500 -0.347100
1.522400 0.297700
0.688100 0.175100
0.560400 0.109500
-2.561900 -0.731400
-0.649400 -0.220400
-0.513800 -0.098500
-2.084500 -0.453000
2.840600 0.650000
-0.002400 0.005100
-0.199700 0.021700
-0.629400 -0.194700
0.685500 0.206700
0.429200 0.192800
2.311900 0.461900
2.324900 0.556100
-1.693600 -0.501900
-0.518400 -0.000200
-0.122900 -0.131800
2.638800 0.681000
-3.945000 -0.956900
0.884100 0.176300
0.764500 0.157300
-2.241300 -0.520600
-1.607500 -0.341200
-2.147200 -0.412000
0.166400 -0.006100
-1.103900 -0.214900
1.834600 0.434000
0.640700 0.351200
-3.203800 -0.699300
-1.551700 -0.170500
0.668200 0.135300
1.728900 0.500700
0.673300 0.016100
1.911500 0.508900
1.474600 0.271400
-4.818700 -1.068200
-2.738500 -0.856000
4.047300 0.955900
1.613700 0.346600
-3.022000 -0.560800
1.854300 0.489600
-1.350900 -0.283200
1.839300 0.413000
-2.057900 -0.339700
1.860900 0.516700
3.624700 0.829400
-0.059700 -0.107700
0.359500 -0.041900
1.156000 0.342500
-0.493700 -0.046500
-0.172200 -0.173300
-0.789400 -0.105400
-0.939300 -0.323200
-0.867500 -0.165400
-0.655300 -0.172600
-1.508200 -0.194700
2.113600 0.590600
0.998300 0.153600
-1.386800 -0.275800
-1.788200 -0.370000
-3.817000 -1.147800
-2.183700 -0.570200
-1.679600 -0.384800
-1.938300 -0.338300
-0.226100 -0.228700
0.944800 0.298900
1.224100 0.287000
0.516100 0.303900
-2.824700 -0.741900
2.883500 0.633700
1.396400 0.330000
-1.202800 -0.350100
-2.663900 -0.630800
0.451700 0.151400
0.041800 -0.062500
-1.874900 -0.513200
0.032800 0.017900
-0.364100 -0.270600
0.036300 0.058400
0.327700 0.169000
-3.045300 -0.680000
-0.539800 -0.121200
-0.114100 0.136400
0.886200 0.059600
-2.280500 -0.597800
0.252400 0.011700
0.718500 0.116100
-0.070400 0.119400
-0.085100 0.055800
2.231200 0.614700
-1.528200 -0.273700
-1.831100 -0.438300
-1.410900 -0.289500
1.335900 0.173200
-0.665100 -0.150700
0.688800 0.068000
-0.044500 -0.060300
-0.191200 0.123800
1.096600 0.311300
-1.118500 -0.364400
2.951000 0.647500
2.859300 0.739500
0.039000 0.094400
0.019500 0.005700
-1.005000 -0.152700
0.555800 0.197600
3.784100 0.857400
-0.866700 -0.341000
1.695100 0.366400
-0.118400 -0.030900
1.474400 0.341800
-0.553600 -0.045400
0.529500 0.077500
-0.628700 -0.171900
3.627600 0.756300
-0.328400 -0.117900
-0.916500 -0.291200
0.055800 0.088100
-1.961700 -0.203300
-2.300800 -0.506600
-0.742500 -0.071400
-0.690300 0.001900
0.043200 0.063700
0.293300 -0.046400
0.169100 0.037700
-1.728500 -0.429400
0.524900 0.135000
1.471600 0.483300
-1.073300 -0.360700
-1.492900 -0.327100
-1.804100 -0.494400
-1.460200 -0.321300
-3.050200 -0.722800
-1.639800 -0.518500
-0.361300 -0.091000
-1.509200 -0.278900
-0.893600 -0.303900
-1.362500 -0.347700
0.802800 0.253600
-0.298000 -0.163200
3.396500 0.941400
-2.620700 -0.531000
-0.686900 -0.421100
-1.161800 -0.127200
0.323500 0.039400
3.098600 0.814300
-2.014000 -0.421700
2.259400 0.435600
-2.382300 -0.478800
-3.480500 -0.922000
1.644700 0.509600
-0.448700 -0.100000
-0.259700 -0.096400
2.169300 0.640300
0.349100 -0.050400
3.977400 0.931300
-0.441300 -0.076200
2.501200 0.552100
-0.439600 -0.262700
-2.342700 -0.582100
-1.428500 -0.304900
2.858700 0.773300
-0.903700 -0.133400
2.206300 0.482500
4.690900 1.055600
0.439800 0.111000
2.439600 0.546500
-0.197600 -0.097200
0.415600 0.192500
-0.697600 -0.304300
0.418500 0.045600
-1.368100 -0.408300
-2.174600 -0.746300
1.594800 0.411800
1.411000 0.302300
-0.127200 0.019700
2.667700 0.626500
1.354300 0.249600
1.647100 0.453300
2.361500 0.533100
-0.521500 -0.324100
-1.468900 -0.305000
-0.649400 -0.138500
-0.245800 -0.093800
1.809800 0.462000
0.736300 0.267000
1.231400 0.330300
-0.515300 -0.259800
0.303900 0.027400
0.409300 0.176300
0.701900 0.136200
0.160100 0.057500
-0.608800 -0.028500
-3.610800 1.624700
-4.295600 1.073300
-3.840400 1.141000
-3.621500 -0.272700
-4.034500 1.167300
-4.700200 2.171800
-3.886900 2.094400
-4.553400 0.364900
-3.843000 -0.175100
-3.849500 1.068100
-3.289000 1.490700
-4.292200 0.231800
-2.801400 0.445500
-4.731900 0.240600
-3.217900 0.636800
-4.527600 1.096400
-4.144900 0.525300
-3.472200 1.745700
-3.310300 1.536800
-3.718200 -0.243100
-2.831500 1.211400
-3.574300 1.780500
-2.996700 1.292900
-3.695100 0.580500
-3.976800 0.402100
-4.504000 0.374500
-4.109200 1.734400
-1.780300 1.132600
-4.943900 1.885500
-4.210500 0.537600
-3.853100 0.131600
-3.844300 0.938100
-3.931100 1.267000
-3.952800 1.011400
-3.801000 1.290800
-4.722000 -0.001000
-4.043100 -0.002900
-3.938700 1.657100
-3.575000 0.266300
-4.602200 1.229800
-4.280900 0.778300
-3.582200 0.308900
-4.280900 0.439900
-4.730200 0.400000
-3.525800 1.036300
-4.615400 0.838200
-5.147200 0.486700
-2.495300 0.936800
-3.487800 0.954200
-3.756300 1.464300
-4.773200 0.978300
-2.894800 0.443100
-4.396500 0.784600
-3.811700 1.367400
-3.112800 1.349600
-4.043400 1.881400
-3.507100 -0.047000
-2.231500 2.238900
-4.117700 1.264500
-3.072900 0.879500
-3.488800 1.773200
-4.710400 0.578400
-3.355000 1.322600
-3.353300 0.907200
-4.202300 -0.399000
-4.802200 1.032900
-3.422800 1.371800
-4.089800 0.809800
-3.848000 1.054700
-3.016800 1.102500
-5.036900 0.109200
-2.936900 0.180200
-3.464900 0.812100
-4.118800 0.906100
-3.145000 0.865000
-4.023300 -0.071600
-3.855300 1.371700
-3.832600 1.978500
-3.961400 1.209300
-2.846000 -0.085000
-4.319100 1.998300
-3.344700 1.474900
-3.417100 1.228900
-2.857900 1.264400
-3.832100 1.111300
-3.865000 0.190100
-3.460500 0.908700
-2.724700 0.947000
-3.705400 1.172600
-4.437900 1.694500
-2.666500 0.989700
-4.210300 0.751500
-5.324700 0.875500
-3.824300 1.738300
-3.328000 0.708500
-4.193800 1.786700
-4.121400 0.643000
-3.025200 1.726300
-3.986800 0.584400
-5.408300 1.412800
-4.627500 -0.373900
-2.890600 1.453600
-4.797300 0.149900
-3.390300 0.385400
-3.092700 1.431500
-3.624400 1.283300
-3.866000 1.616400
-4.317900 1.060200
-3.473600 1.394100
-4.836500 0.649700
-3.823000 0.714400
-2.757700 0.724800
-4.113600 1.538600
-3.768600 0.898300
-4.529500 1.211100
-3.272600 1.335400
-4.544700 2.215700
-5.012600 -0.107900
-3.327600 1.158100
-4.384600 0.231000
-2.375400 1.082000
-3.626100 1.222500
-3.695600 1.378100
-3.487300 0.737300
-4.204100 -0.218700
-4.546200 1.189800
-3.268500 1.419300
-4.238500 0.115800
-5.944200 1.806200
-4.412500 0.686100
-3.907900 0.016100
-4.244800 2.416400
-3.646200 1.251500
-5.107700 2.570500
-4.996000 2.345600
-5.480500 1.983800
-2.867400 0.422900
-3.704200 1.383200
-4.569700 -0.014400
-4.922400 1.378700
-4.059600 0.605000
-3.323300 1.355600
-4.528800 0.159200
-3.633700 0.623700
-3.930600 2.103400
-3.648400 0.396400
-3.887500 0.333100
-2.874000 0.606900
-3.854900 1.215400
-3.888500 -0.371000
-5.012500 0.683400
-3.776400 0.903600
-4.670000 0.056100
-4.281100 0.672100
-3.641000 0.771600
-3.578100 0.583700
-4.179200 0.756400
-4.547700 1.437600
-4.569500 0.634900
-4.051200 0.091800
-4.227500 0.502100
-4.271700 0.958100
-4.559900 0.845900
-3.083900 0.981900
-3.198300 1.242500
-3.458100 0.457900
-3.926600 1.093700
-4.428800 0.424000
-5.043200 2.047300
-4.680700 1.942400
-4.327200 0.396300
-3.564200 0.558200
-3.602100 0.767000
-3.663700 0.322300
-3.418100 1.341600
-4.643800 2.850100
-3.621900 2.603300
-2.879800 0.867800
-4.288600 0.717600
-5.281000 0.512900
-3.827300 2.068200
-4.540900 1.617400
-4.876800 0.589600
-4.320300 1.260300
-3.679900 1.673600
-3.460400 1.170200
-3.726700 2.112000
-4.357600 1.542300
-5.265700 1.287900
-4.338300 1.001800
-3.271900 1.115300
-3.380400 2.031600
-3.727600 1.819700
-4.228600 0.994300
-4.365800 1.730100
-3.710100 0.644900
-3.891700 1.729100
-4.027500 0.335700
-3.907700 -0.386400
-3.461900 0.705100
-4.328500 1.613000
-4.955600 2.363000
-4.336200 0.633700
-3.285100 1.496100
-2.284100 0.852200
-4.084300 -0.035500
-4.232500 0.495000
-4.314100 -0.220900
-2.837600 0.008400
-5.961500 0.168100
-4.422700 0.195300
-3.231200 0.903500
-3.982200 1.427300
-3.799800 1.685000
-4.776600 0.616700
-3.533800 -0.774200
-4.962600 1.350700
-4.336200 1.655300
-3.433600 0.161300
-3.715300 1.841200
-3.896800 0.315800
-3.384400 1.444800
-3.620200 1.501200
-6.096200 1.616700
-2.734300 1.305600
-3.865100 1.487500
-3.763200 1.456200
-3.999000 0.463300
-4.703000 0.301300
-4.961100 0.252600
-2.767100 1.527900
-4.437500 0.726700
-3.921200 0.541100
-3.952700 1.544300
-4.025000 1.235200
-3.379500 0.809500
-3.800600 0.783400
-4.020000 0.772700
-4.370200 1.121600
-3.603400 1.102400
-3.650900 0.483400
-4.842600 1.291900
-3.518500 1.034900
-3.056400 1.635400
-2.123600 0.859400
-4.699200 0.481900
-4.395800 1.333200
-5.510600 1.923000
-4.167500 0.827200
-4.755500 0.920000
-3.990700 0.914600
-3.762700 0.587300
-4.627100 1.383800
-3.930900 1.138000
-3.258700 0.284200
-4.598700 1.880100
-5.038000 0.083400
-3.427500 1.166700
-3.926300 0.935800
-3.978100 0.935500
-3.051200 0.721300
-4.113000 2.256100
-3.980700 2.562400
-4.073500 1.957200
-5.158700 1.107600
-5.109100 1.591100
-4.849000 1.198600
-4.197500 0.189300
-5.133600 0.642300
-2.781600 0.794600
-3.357900 0.960100
-3.386300 -0.278800
-4.282200 1.664600
-4.114300 0.939500
-4.301300 1.804600
-3.791700 1.030800
-3.549900 1.411800
-3.851200 2.082900
-4.042200 1.194700
-4.450100 1.105100
-2.888600 0.549700
-4.793500 1.697700
-4.104100 1.067200
-4.031600 1.055400
-3.404600 0.412600
-4.708200 1.059500
-5.124500 0.038900
-2.693300 1.530200
-4.007000 1.866600
-4.728400 0.779100
-3.563600 1.623500
-3.641000 -0.778900
-4.677700 1.333900
-4.249200 2.778200
-3.351400 1.390700
-4.781900 0.975300
-3.831200 1.789400
-3.383200 1.723100
-4.646700 1.988500
-4.966300 0.624900
-3.698500 0.895100
-4.704200 0.424900
-5.083800 1.372400
-3.117600 0.929700
-4.280200 -0.030600
-3.360800 2.547900
-5.258200 0.255600
-4.475700 0.605000
-3.840900 2.130000
-3.294000 1.369300
-4.506800 0.216300
-4.557700 2.083600
-4.043200 0.687200
-4.128600 1.577200
-4.919000 1.990400
-3.890500 0.848600
-3.690000 1.152900
-4.240900 0.823100
-4.608200 1.459500
-4.372400 0.330600
-3.883900 1.930400
-4.033800 0.574300
-3.717300 2.355700
-5.016300 1.267500
-3.856400 1.813100
-3.306400 0.869300
-5.179200 1.564600
-4.584600 0.337300
-3.196200 0.362400
-3.018000 1.235100
-3.776600 1.215100
-5.146900 -0.243500
-3.849100 1.397600
-3.942200 0.424900
-3.986800 0.942600
-4.670000 1.709800
-5.211200 1.412100
-3.731000 1.706800
-4.703700 1.071000
-2.480200 1.463500
-3.929600 1.377400
-3.939700 2.533600
-3.311500 0.940100
-3.823400 0.726400
-3.153100 0.015700
-5.123300 2.021100
-2.492800 1.327800
-3.921100 1.460100
-4.452900 1.119900
-3.972800 1.438600
-5.090600 0.645100
-3.408500 0.527100
-4.695400 2.429500
-3.973300 0.594800
-5.184700 1.510500
-3.510600 0.790900
-4.771600 0.982800
-4.585100 0.340500
-4.072200 0.264000
-3.827300 1.425600
-4.587700 0.042200
-2.907100 0.341800
-4.462000 1.149100
-3.580400 0.820600
-3.677400 0.719300
-4.679800 1.998400
-2.258100 2.187200
-3.900700 2.283400
-3.751000 0.665900
-3.673500 0.933900
-4.688200 0.371200
-3.438600 -0.292600
-3.577100 -0.140700
-5.484800 -0.287200
-2.623300 0.862600
-3.939400 1.993500
-3.346100 0.025900
-3.391700 1.128900
-4.239200 1.017000
-3.104100 0.379800
-3.719400 0.993200
-5.258000 0.438400
-3.864800 1.908100
-3.299100 1.418000
-4.570700 2.260800
-3.849300 0.295500
-4.128000 1.627400
-3.994700 1.620800
-3.227400 1.280400
-4.600400 1.094800
-3.968400 2.301500
-5.138400 0.905600
-4.408900 1.234600
-5.706300 1.780400
-3.990400 -0.291300
-4.252800 1.426300
-5.114000 1.002300
-4.740200 0.610800
-3.981300 1.128400
-4.329500 1.191000
-3.427400 0.804800
-2.997900 2.023500
-4.300100 0.553500
-5.164900 0.911400
-4.254400 1.545300
-5.056800 0.805800
-3.321900 0.488800
-4.533700 -0.012900
-2.165600 0.476800
-4.910200 0.437300
-4.542000 0.811400
-3.422200 0.791200
-4.646000 -0.015900
-3.984700 1.029800
-2.928300 1.064700
-4.069300 0.264500
-4.214200 0.693100
-4.259100 0.328500
-3.623200 0.900300
-4.140200 -0.199800
-3.654400 1.340900
-4.587400 1.693100
-4.955300 0.984700
-4.189800 0.078000
-3.867200 2.191800
-3.952700 0.675900
-3.687100 1.074000
-3.980600 0.702100
-3.004600 1.319500
-4.370100 0.924400
-4.518600 0.574200
-4.448500 0.206000
-3.455900 0.796300
-3.612100 0.530900
-4.042300 0.502300
-3.496200 0.826100
-4.511600 -0.149200
-3.807000 0.504100
-4.011000 0.655800
-3.332100 1.380900
-3.687000 0.568700
-3.673600 2.200400
-4.582500 1.120600
-5.154500 1.979000
-4.278500 1.547800
-5.206300 2.258300
-4.249800 1.382000
-3.894400 0.821200
-2.819900 -0.153600
-3.790900 1.637500
-4.020900 0.917300
-4.099900 0.140700
-3.973300 1.358900
-3.952000 0.809400
-4.342800 0.804500
-3.119600 -0.460600
-3.971900 0.770600
-2.980900 1.038800
-2.960600 -0.486700
-3.678300 1.196000
-3.026600 -0.148900
-4.108500 1.046200
-4.347100 1.851600
-4.237100 2.424300
-3.262100 1.665600
-3.608500 0.255400
-4.301800 1.400900
-3.525700 1.915000
-4.327200 0.397900
-3.398600 0.433300
-3.388700 1.839800
-3.680700 0.749700
-3.971200 1.415400
-3.992900 2.538800
-4.693500 0.298100
-4.683800 0.587300
-5.525300 0.559200
-4.457300 1.055000
-3.707500 0.131800
-3.370000 2.261600
-4.145800 2.102100
-3.860700 2.392100
-3.217900 -0.094700
-3.987000 1.738000
-3.978600 0.974200
-3.111200 0.503100
-3.987700 1.226500
-4.233700 0.985900
-3.457500 1.303000
-4.566100 0.227100
-4.552400 1.000900
-4.112000 0.417600
-4.418700 -0.064000
-3.707500 0.972000
-4.881900 1.020000
-3.060200 0.482000
-3.079400 0.773600
-3.861500 1.068400
-3.018900 1.110900
-4.799300 0.082300
0.080200 -0.027200
1.027700 0.425000
0.951500 0.577700
0.537500 0.711500
1.422200 1.557500
1.222700 0.406100
1.386200 1.413300
1.164800 0.637800
1.425300 1.253700
-0.870100 1.386700
-0.148200 1.398100
0.907600 1.716200
0.941100 0.468000
0.911600 1.635900
1.015700 0.931400
1.446100 1.126200
0.996400 1.819600
1.933100 1.368000
0.828400 1.898100
1.709900 1.431300
0.270400 1.084400
0.553800 0.904600
1.144000 1.060100
0.714900 1.763800
-0.017700 1.438100
-0.114500 1.229600
0.467900 1.527000
1.051900 1.148600
0.389000 0.607300
1.124300 1.350100
2.757500 1.133700
1.585600 0.065800
0.202100 0.786700
0.281500 1.891800
0.753900 1.829300
1.892100 1.025700
1.301100 0.966300
1.323100 1.290000
0.925800 1.303000
2.034200 1.427800
1.195500 1.074900
0.392400 0.383600
1.194000 0.178400
0.540200 1.768900
2.148500 0.000400
1.976000 0.873100
0.991000 0.932000
1.648300 0.035400
1.273700 0.433100
1.342500 1.925700
0.999700 1.224500
1.245700 0.520200
1.907000 2.023900
1.421100 1.044000
0.722900 0.624100
2.026500 1.848600
0.961800 0.052000
-0.699200 0.349900
0.921600 1.840400
0.609000 1.302900
1.781900 1.077100
0.914500 0.214700
0.278500 1.249700
0.879500 1.073500
0.971600 1.398500
0.529200 0.798700
2.137700 0.520100
0.831100 0.646400
1.266900 1.613400
0.701100 0.741200
0.832600 1.317900
0.556400 0.774400
-0.423300 0.171000
0.932500 1.538700
1.177000 0.340700
0.159800 1.104800
0.008300 1.639600
1.038300 0.035600
0.420400 0.565400
0.536100 0.106000
0.475200 0.589400
0.573200 1.676800
1.062900 0.404000
0.799200 0.472300
0.820000 1.525300
1.151400 2.371400
1.225600 0.451800
1.485800 1.648000
1.656500 0.343500
0.911400 1.679100
-0.010800 0.700300
0.143800 0.440500
0.392500 1.750300
0.859300 0.482000
0.378600 1.085000
0.993300 1.806400
1.300000 0.140900
0.622600 1.642000
0.627400 2.040700
0.341000 1.343600
0.483300 0.694200
1.659100 0.923800
1.488100 1.284000
1.452300 0.467100
0.867100 1.254600
0.490600 1.977700
0.533700 0.820000
0.396100 -0.286000
2.078200 0.877400
0.731300 0.880800
1.851900 0.420900
1.407700 0.745700
0.642000 1.340200
1.592900 0.691700
0.538700 0.298500
1.662100 0.654800
-0.109500 1.846000
0.178100 1.467700
1.110100 1.172700
0.649400 1.219400
-0.000700 1.352800
1.934200 1.530400
-0.211700 0.409500
0.887300 1.292200
0.936000 0.704100
1.357200 1.698500
0.860600 1.437400
-0.547400 0.437500
0.807200 0.706900
1.199700 1.608300
1.304000 0.626700
0.086300 1.334200
-0.102900 1.391800
0.886900 0.294500
1.172400 0.998300
0.978000 0.949500
1.251700 1.554700
1.298000 1.607300
0.973500 1.971100
1.342700 0.673800
0.343700 1.123500
0.216100 0.416000
1.143500 0.635300
0.440000 0.979300
1.043600 0.876500
0.773500 1.512800
1.205500 0.865900
2.478600 1.116300
1.679200 0.663400
0.182200 0.524900
0.839200 0.702000
1.801800 0.928000
1.276900 0.972100
0.739900 1.022800
2.028400 0.539200
1.460200 0.384400
0.724200 1.002100
1.195800 1.889900
0.970000 0.493800
1.390000 0.781500
1.143200 0.930300
-0.166100 1.305000
1.350000 1.556000
2.080300 0.282900
1.309900 1.245600
0.748600 1.238300
1.299800 0.268800
1.147700 0.449200
0.608900 -0.064800
0.716000 0.877900
1.329900 1.000500
0.074600 1.517300
0.928800 1.293000
1.579600 1.853600
2.176700 0.956700
1.186700 0.353000
1.637000 0.289100
-0.083200 1.498200
0.687000 1.466600
1.244800 0.022000
-0.631800 0.342000
1.009900 0.266900
0.608300 0.124600
1.101900 1.054500
0.711200 1.838200
1.898600 1.339200
-0.079900 0.337200
1.244300 0.622900
0.707700 1.539400
1.306500 1.788500
0.742500 1.825100
0.667500 1.899700
1.063500 0.483700
0.021300 0.819100
0.846300 1.514600
0.933600 0.740500
1.646200 0.865100
0.654300 1.344800
0.706100 1.395300
0.641800 0.866200
1.091300 0.775500
0.991900 1.489300
1.246400 1.288600
0.618700 1.511700
1.401700 1.602700
0.564200 0.896500
1.380100 0.634700
0.864300 2.155500
2.171100 1.744000
1.563200 0.388400
1.307500 0.784500
0.364900 0.694600
1.069400 0.671600
0.669500 1.475200
1.086500 1.140100
1.067100 0.594600
0.177700 1.186300
0.695800 -0.206500
0.764500 0.344700
1.419200 1.313000
1.298100 0.601000
1.438900 1.191800
0.754100 0.728000
1.535600 0.715800
1.182200 1.620400
2.145600 1.998300
1.540500 0.096500
0.586600 0.671100
1.991900 0.580400
1.231700 1.060500
0.438900 1.229100
1.239000 0.246500
1.733700 -0.251900
0.645500 1.583200
0.284000 1.210200
0.222200 0.944200
-0.388300 0.494500
0.074200 0.758900
0.750900 0.595800
1.478700 0.467900
1.380600 1.977600
1.083400 0.485400
0.250400 0.574100
1.422800 1.093400
1.562100 1.462200
1.084500 1.284100
2.113100 1.849400
0.818400 1.593800
1.351500 1.681800
1.403000 0.415500
0.028200 1.343600
2.141600 0.534600
0.887100 0.378600
1.706700 -0.383100
-0.358200 1.225000
0.950600 0.712200
0.819300 1.322200
0.751700 0.341800
0.443600 1.533000
0.685200 0.168800
1.061300 1.303000
1.797400 1.130700
0.604200 1.284400
1.436300 0.976700
0.973200 1.156100
0.958100 1.150100
0.386900 0.309700
0.498300 1.385300
1.155300 1.624100
0.888000 0.313800
1.686700 0.988700
1.770100 1.358800
2.313200 0.868100
1.540400 1.534800
0.666900 0.896500
0.123000 0.070700
1.075900 1.475800
1.382800 1.204000
1.517800 0.646200
0.836500 1.442500
1.259900 0.873900
1.792500 0.224800
0.688800 0.830000
1.489900 1.001400
0.243100 1.308400
1.652500 1.443600
1.371500 -0.124600
0.460100 1.289200
0.967100 1.313500
0.240200 0.963100
0.166100 -0.172200
1.177500 1.505600
1.147400 0.980200
0.062800 1.603700
0.973600 2.175700
1.565400 -0.203100
1.453000 0.162100
0.544300 0.849500
0.943600 1.238500
0.386300 0.309600
1.360400 0.992000
1.104600 -0.316200
0.893700 0.465600
0.447600 1.553200
0.342600 0.344300
0.801400 1.270200
0.469600 1.740500
1.869900 0.471100
0.853000 0.532800
-0.011200 1.181800
1.440200 2.207100
0.461600 1.801700
1.805400 1.118700
1.361300 1.524000
2.184500 1.286700
0.963900 0.480300
1.183200 1.614500
1.146800 0.532000
1.053400 0.922500
1.158800 0.002900
1.330500 1.357300
1.266900 0.997700
-0.083600 0.988400
1.636400 0.483900
-0.193600 0.075700
1.188400 1.223700
1.531800 0.966800
0.099800 0.508900
1.491300 1.084300
1.389900 1.260900
0.877000 0.895600
2.114300 1.248800
0.922800 1.273300
1.133700 -0.294400
1.390100 2.092600
0.531800 1.872400
0.845900 1.176100
1.642200 0.568000
1.745500 0.271500
0.474900 0.643900
1.397200 0.795500
0.088000 0.870100
0.529500 1.438800
0.794100 1.042500
0.756700 1.260400
0.889800 1.195100
-0.556000 1.058400
1.248300 0.880400
1.401600 1.443200
1.782500 1.062900
-0.148300 -0.371300
0.038900 0.977300
0.905600 1.165700
0.624900 0.558100
1.333000 1.393600
0.846000 0.976900
1.242600 1.302600
0.313600 0.568300
0.261700 0.695900
1.487400 1.327800
0.341100 1.307400
1.051500 0.703600
0.156100 0.895100
1.408000 -0.297900
0.762300 2.352600
1.403600 1.155900
0.557700 0.593000
0.950000 1.961700
1.279400 0.476700
1.706100 0.824400
2.018400 0.660000
0.398000 1.104800
1.589400 1.622500
1.095500 0.407100
0.696800 -0.211000
0.452100 0.892900
1.233400 0.796300
0.965800 0.762300
1.450600 0.460500
1.502500 2.176500
1.283700 0.683700
0.678200 1.725900
0.324000 0.427700
0.301300 0.232900
0.373100 1.473900
1.661400 0.581800
1.124400 1.455500
1.060300 0.427000
0.117800 1.606300
1.297700 1.346200
0.335400 1.141000
1.377400 1.188400
0.553000 1.607400
0.083400 1.557200
1.648600 1.943400
0.794500 0.400300
1.476300 0.580500
1.026400 0.809500
0.458800 1.192600
0.164800 1.355300
0.419800 -0.039000
0.969900 1.259000
1.346200 1.491000
-0.412200 0.396900
1.064000 1.911400
1.470200 2.140800
0.685000 1.164700
0.340000 0.757400
0.558800 0.619600
0.763900 1.001600
1.013300 1.326100
1.084000 0.793600
0.686500 0.815700
0.730600 1.294600
1.519300 1.764400
0.521400 1.281600
0.163200 1.223900
1.649600 0.910200
1.643600 0.316900
0.466800 0.918500
1.613300 0.749500
0.727900 0.405000
1.121700 1.748000
1.420400 1.418000
0.875800 0.662000
1.406300 0.980900
0.895800 1.538900
0.881300 0.497300
1.545500 1.048400
0.377800 0.332300
1.057200 2.402400
0.764300 0.798200
1.914300 0.965600
0.130900 0.056300
1.736000 1.399800
1.495700 0.965300
0.564000 0.869700
1.081600 0.497000
1.336900 0.244200
0.800300 0.877600
0.585400 -0.323300
1.268700 0.546500
1.795400 0.794800
0.675200 1.054900
1.632100 0.662000
1.608800 1.864200
1.594200 1.975900
1.775600 1.908900
1.962600 1.124800
0.742500 -0.357300
0.206400 0.731000
0.771000 0.908300
0.399500 0.042500
0.921900 0.886300
0.515500 0.554700
0.435900 0.762100
0.486200 1.755900
1.144600 0.416600
0.831700 0.291800
1.607300 1.830500
1.751200 0.313200
0.945200 0.759100
1.337200 0.395300
0.594500 0.752100
1.092000 1.416500
0.802800 1.398400
1.493200 0.872100
0.252600 0.297300
1.355000 0.714300
-0.027600 1.367800
1.077700 0.156400
1.707700 1.502000
1.083200 0.235400
0.158600 0.815800
-0.028300 1.243000
0.153500 1.098900
0.827100 1.427100
0.437200 1.164200
0.163100 1.477300
0.931000 1.297500
0.207700 1.299500
1.183700 1.218200
1.187600 0.883900
1.744800 0.906500
0.556500 0.964800
0.429700 0.721600
0.893700 0.772300
1.119600 2.167500
1.342600 1.643400
0.697800 0.647800
0.773100 1.511700
-0.288900 0.380100
1.061400 0.865500
2.180600 1.268600
0.602700 0.053400
0.795700 0.218100
1.280100 1.096700
1.192000 2.247500
0.455500 0.884600
0.272500 0.951600
